1.87,1.968,2.066,2.164,2.262,2.36,2.476,2.592,2.708,2.824,2.94,3.046,3.152,3.258,3.364,3.47,3.81,4.15,4.49,4.83,5.17,8.034,10.898,13.762,16.626,19.49,16.818,14.146,11.474,8.802,6.13,6.152,6.174,6.196,6.218,6.24,6.394,6.548,6.702,6.856,7.01,7.166,7.322,7.478,7.634,7.79,7.944,8.098,8.252,8.406,8.56,15.582,22.604,29.626,36.648,43.67,38.324,32.978,27.632,22.286,16.94,15.696,14.452,13.208,11.964,10.72,10.846,10.972,11.098,11.224,11.35,11.458,11.566,11.674,11.782,11.89,11.986,12.082,12.178,12.274,12.37,12.446,12.522,12.598,12.674,12.75,12.8,12.85,12.9,12.95,13.0,13.03,13.06,13.09,13.12,13.15,13.166,13.182,13.198,13.214,13.23,13.218,13.206,13.194,13.182,13.17,13.162,13.154,13.146,13.138,13.13,13.074,13.018,12.962,12.906,12.85,12.784,12.718,12.652,12.586,12.52,12.456,12.392,12.328,12.264,12.2,12.126,12.052,11.978,11.904,11.83,11.764,11.698,11.632,11.566,11.5,11.444,11.388,11.332,11.276,11.22,11.186,11.152,11.118,11.084,11.05,11.046,11.042,11.038,11.034,11.03,11.06,11.09,11.12,11.15,11.18,11.25,11.32,11.39,11.46,11.53,14.772,18.014,21.256,24.498,27.74,25.602,23.464,21.326,19.188,17.05,16.35,15.65,14.95,14.25,13.55,13.706,13.862,14.018,14.174,14.33,14.466,14.602,14.738,14.874,15.01,15.112,15.214,15.316,15.418,15.52,16.074,16.628,17.182,17.736,18.29,18.542,18.794,19.046,19.298,19.55,18.736,17.922,17.108,16.294,15.48,15.366,15.252,15.138,15.024,14.91,14.758,14.606,14.454,14.302,14.15,13.964,13.778,13.592,13.406,13.22,13.014,12.808,12.602,12.396,12.19,11.976,11.762,11.548,11.334,11.12,10.902,10.684,10.466,10.248,10.03,9.814,9.598,9.382,9.166,8.95,8.752,8.554,8.356,8.158,7.96,7.772,7.584,7.396,7.208,7.02,6.856,6.692,6.528,6.364,6.2,6.044,5.888,5.732,5.576,5.42,5.282,5.144,5.006,4.868,4.73,4.614,4.498,4.382,4.266,4.15,4.048,3.946,3.844,3.742,3.64,3.552,3.464,3.376,3.288,3.2,3.122,3.044,2.966,2.888,2.81,2.742,2.674,2.606,2.538,2.47,2.412,2.354,2.296,2.238,2.18,2.13,2.08,2.03,1.98,1.93,1.888,1.846,1.804,1.762,1.72,1.71,1.7,1.69,1.68,1.67,1.622,1.574,1.526,1.478,1.43,1.402,1.374,1.346,1.318,1.29,1.27,1.25,1.23,1.21,1.19,1.168,1.146,1.124,1.102,1.08,1.056,1.032,1.008,0.984,0.96,0.944,0.928,0.912,0.896,0.88,0.866,0.852,0.838,0.824,0.81,0.802,0.794,0.786,0.778,0.77,0.766,0.762,0.758,0.754,0.75,0.746,0.742,0.738,0.734,0.73,0.72,0.71,0.7,0.69,0.68,0.682,0.684,0.686,0.688,0.69,0.68,0.67,0.66,0.65,0.64,0.648,0.656,0.664,0.672,0.68,0.682,0.684,0.686,0.688,0.69,0.674,0.658,0.642,0.626,0.61,0.592,0.574,0.556,0.538,0.52,0.502,0.484,0.466,0.448,
1.18,1.24,1.3,1.36,1.42,1.48,1.552,1.624,1.696,1.768,1.84,1.902,1.964,2.026,2.088,2.15,2.408,2.666,2.924,3.182,3.44,5.89,8.34,10.79,13.24,15.69,13.322,10.954,8.586,6.218,3.85,3.828,3.806,3.784,3.762,3.74,3.83,3.92,4.01,4.1,4.19,4.276,4.362,4.448,4.534,4.62,4.708,4.796,4.884,4.972,5.06,11.044,17.028,23.012,28.996,34.98,30.346,25.712,21.078,16.444,11.81,10.702,9.594,8.486,7.378,6.27,6.342,6.414,6.486,6.558,6.63,6.69,6.75,6.81,6.87,6.93,6.982,7.034,7.086,7.138,7.19,7.232,7.274,7.316,7.358,7.4,7.428,7.456,7.484,7.512,7.54,7.556,7.572,7.588,7.604,7.62,7.626,7.632,7.638,7.644,7.65,7.644,7.638,7.632,7.626,7.62,7.62,7.62,7.62,7.62,7.62,7.586,7.552,7.518,7.484,7.45,7.416,7.382,7.348,7.314,7.28,7.254,7.228,7.202,7.176,7.15,7.13,7.11,7.09,7.07,7.05,7.048,7.046,7.044,7.042,7.04,7.064,7.088,7.112,7.136,7.16,7.222,7.284,7.346,7.408,7.47,7.584,7.698,7.812,7.926,8.04,8.208,8.376,8.544,8.712,8.88,9.106,9.332,9.558,9.784,10.01,12.984,15.958,18.932,21.906,24.88,23.232,21.584,19.936,18.288,16.64,16.23,15.82,15.41,15.0,14.59,14.904,15.218,15.532,15.846,16.16,16.44,16.72,17.0,17.28,17.56,17.772,17.984,18.196,18.408,18.62,19.19,19.76,20.33,20.9,21.47,21.734,21.998,22.262,22.526,22.79,22.09,21.39,20.69,19.99,19.29,19.164,19.038,18.912,18.786,18.66,18.474,18.288,18.102,17.916,17.73,17.492,17.254,17.016,16.778,16.54,16.274,16.008,15.742,15.476,15.21,14.928,14.646,14.364,14.082,13.8,13.512,13.224,12.936,12.648,12.36,12.078,11.796,11.514,11.232,10.95,10.69,10.43,10.17,9.91,9.65,9.4,9.15,8.9,8.65,8.4,8.184,7.968,7.752,7.536,7.32,7.118,6.916,6.714,6.512,6.31,6.134,5.958,5.782,5.606,5.43,5.28,5.13,4.98,4.83,4.68,4.548,4.416,4.284,4.152,4.02,3.906,3.792,3.678,3.564,3.45,3.352,3.254,3.156,3.058,2.96,2.878,2.796,2.714,2.632,2.55,2.478,2.406,2.334,2.262,2.19,2.13,2.07,2.01,1.95,1.89,1.84,1.79,1.74,1.69,1.64,1.618,1.596,1.574,1.552,1.53,1.478,1.426,1.374,1.322,1.27,1.236,1.202,1.168,1.134,1.1,1.078,1.056,1.034,1.012,0.99,0.968,0.946,0.924,0.902,0.88,0.856,0.832,0.808,0.784,0.76,0.744,0.728,0.712,0.696,0.68,0.666,0.652,0.638,0.624,0.61,0.6,0.59,0.58,0.57,0.56,0.556,0.552,0.548,0.544,0.54,0.534,0.528,0.522,0.516,0.51,0.502,0.494,0.486,0.478,0.47,0.47,0.47,0.47,0.47,0.47,0.462,0.454,0.446,0.438,0.43,0.436,0.442,0.448,0.454,0.46,0.462,0.464,0.466,0.468,0.47,0.456,0.442,0.428,0.414,0.4,0.386,0.372,0.358,0.344,0.33,0.318,0.306,0.294,0.282,
0.82,0.86,0.9,0.94,0.98,1.02,1.068,1.116,1.164,1.212,1.26,1.296,1.332,1.368,1.404,1.44,1.666,1.892,2.118,2.344,2.57,4.928,7.286,9.644,12.002,14.36,12.028,9.696,7.364,5.032,2.7,2.65,2.6,2.55,2.5,2.45,2.506,2.562,2.618,2.674,2.73,2.784,2.838,2.892,2.946,3.0,3.056,3.112,3.168,3.224,3.28,8.994,14.708,20.422,26.136,31.85,27.374,22.898,18.422,13.946,9.47,8.38,7.29,6.2,5.11,4.02,4.066,4.112,4.158,4.204,4.25,4.288,4.326,4.364,4.402,4.44,4.47,4.5,4.53,4.56,4.59,4.616,4.642,4.668,4.694,4.72,4.736,4.752,4.768,4.784,4.8,4.812,4.824,4.836,4.848,4.86,4.862,4.864,4.866,4.868,4.87,4.866,4.862,4.858,4.854,4.85,4.856,4.862,4.868,4.874,4.88,4.858,4.836,4.814,4.792,4.77,4.75,4.73,4.71,4.69,4.67,4.66,4.65,4.64,4.63,4.62,4.62,4.62,4.62,4.62,4.62,4.642,4.664,4.686,4.708,4.73,4.782,4.834,4.886,4.938,4.99,5.088,5.186,5.284,5.382,5.48,5.634,5.788,5.942,6.096,6.25,6.468,6.686,6.904,7.122,7.34,7.628,7.916,8.204,8.492,8.78,11.788,14.796,17.804,20.812,23.82,22.284,20.748,19.212,17.676,16.14,15.83,15.52,15.21,14.9,14.59,14.998,15.406,15.814,16.222,16.63,17.002,17.374,17.746,18.118,18.49,18.782,19.074,19.366,19.658,19.95,20.582,21.214,21.846,22.478,23.11,23.426,23.742,24.058,24.374,24.69,24.034,23.378,22.722,22.066,21.41,21.298,21.186,21.074,20.962,20.85,20.666,20.482,20.298,20.114,19.93,19.678,19.426,19.174,18.922,18.67,18.38,18.09,17.8,17.51,17.22,16.906,16.592,16.278,15.964,15.65,15.328,15.006,14.684,14.362,14.04,13.722,13.404,13.086,12.768,12.45,12.15,11.85,11.55,11.25,10.95,10.662,10.374,10.086,9.798,9.51,9.262,9.014,8.766,8.518,8.27,8.038,7.806,7.574,7.342,7.11,6.906,6.702,6.498,6.294,6.09,5.916,5.742,5.568,5.394,5.22,5.066,4.912,4.758,4.604,4.45,4.32,4.19,4.06,3.93,3.8,3.686,3.572,3.458,3.344,3.23,3.134,3.038,2.942,2.846,2.75,2.666,2.582,2.498,2.414,2.33,2.262,2.194,2.126,2.058,1.99,1.932,1.874,1.816,1.758,1.7,1.67,1.64,1.61,1.58,1.55,1.494,1.438,1.382,1.326,1.27,1.234,1.198,1.162,1.126,1.09,1.064,1.038,1.012,0.986,0.96,0.934,0.908,0.882,0.856,0.83,0.806,0.782,0.758,0.734,0.71,0.692,0.674,0.656,0.638,0.62,0.604,0.588,0.572,0.556,0.54,0.53,0.52,0.51,0.5,0.49,0.484,0.478,0.472,0.466,0.46,0.454,0.448,0.442,0.436,0.43,0.422,0.414,0.406,0.398,0.39,0.39,0.39,0.39,0.39,0.39,0.382,0.374,0.366,0.358,0.35,0.356,0.362,0.368,0.374,0.38,0.382,0.384,0.386,0.388,0.39,0.378,0.366,0.354,0.342,0.33,0.32,0.31,0.3,0.29,0.28,0.266,0.252,0.238,0.224,
0.57,0.596,0.622,0.648,0.674,0.7,0.734,0.768,0.802,0.836,0.87,0.892,0.914,0.936,0.958,0.98,1.186,1.392,1.598,1.804,2.01,4.358,6.706,9.054,11.402,13.75,11.39,9.03,6.67,4.31,1.95,1.878,1.806,1.734,1.662,1.59,1.624,1.658,1.692,1.726,1.76,1.794,1.828,1.862,1.896,1.93,1.964,1.998,2.032,2.066,2.1,7.736,13.372,19.008,24.644,30.28,25.83,21.38,16.93,12.48,8.03,6.934,5.838,4.742,3.646,2.55,2.58,2.61,2.64,2.67,2.7,2.724,2.748,2.772,2.796,2.82,2.838,2.856,2.874,2.892,2.91,2.926,2.942,2.958,2.974,2.99,3.0,3.01,3.02,3.03,3.04,3.048,3.056,3.064,3.072,3.08,3.082,3.084,3.086,3.088,3.09,3.09,3.09,3.09,3.09,3.09,3.1,3.11,3.12,3.13,3.14,3.124,3.108,3.092,3.076,3.06,3.048,3.036,3.024,3.012,3.0,2.996,2.992,2.988,2.984,2.98,2.986,2.992,2.998,3.004,3.01,3.036,3.062,3.088,3.114,3.14,3.194,3.248,3.302,3.356,3.41,3.508,3.606,3.704,3.802,3.9,4.058,4.216,4.374,4.532,4.69,4.914,5.138,5.362,5.586,5.81,6.112,6.414,6.716,7.018,7.32,10.374,13.428,16.482,19.536,22.59,21.094,19.598,18.102,16.606,15.11,14.864,14.618,14.372,14.126,13.88,14.37,14.86,15.35,15.84,16.33,16.8,17.27,17.74,18.21,18.68,19.072,19.464,19.856,20.248,20.64,21.368,22.096,22.824,23.552,24.28,24.676,25.072,25.468,25.864,26.26,25.664,25.068,24.472,23.876,23.28,23.212,23.144,23.076,23.008,22.94,22.78,22.62,22.46,22.3,22.14,21.894,21.648,21.402,21.156,20.91,20.614,20.318,20.022,19.726,19.43,19.092,18.754,18.416,18.078,17.74,17.392,17.044,16.696,16.348,16.0,15.684,15.368,15.052,14.736,14.42,14.048,13.676,13.304,12.932,12.56,12.234,11.908,11.582,11.256,10.93,10.648,10.366,10.084,9.802,9.52,9.252,8.984,8.716,8.448,8.18,7.946,7.712,7.478,7.244,7.01,6.808,6.606,6.404,6.202,6.0,5.822,5.644,5.466,5.288,5.11,4.96,4.81,4.66,4.51,4.36,4.226,4.092,3.958,3.824,3.69,3.578,3.466,3.354,3.242,3.13,3.032,2.934,2.836,2.738,2.64,2.56,2.48,2.4,2.32,2.24,2.174,2.108,2.042,1.976,1.91,1.868,1.826,1.784,1.742,1.7,1.638,1.576,1.514,1.452,1.39,1.348,1.306,1.264,1.222,1.18,1.15,1.12,1.09,1.06,1.03,1.0,0.97,0.94,0.91,0.88,0.852,0.824,0.796,0.768,0.74,0.72,0.7,0.68,0.66,0.64,0.62,0.6,0.58,0.56,0.54,0.53,0.52,0.51,0.5,0.49,0.484,0.478,0.472,0.466,0.46,0.452,0.444,0.436,0.428,0.42,0.41,0.4,0.39,0.38,0.37,0.37,0.37,0.37,0.37,0.37,0.362,0.354,0.346,0.338,0.33,0.334,0.338,0.342,0.346,0.35,0.352,0.354,0.356,0.358,0.36,0.35,0.34,0.33,0.32,0.31,0.3,0.29,0.28,0.27,0.26,0.246,0.232,0.218,0.204,
1.87,1.966,2.062,2.158,2.254,2.35,2.464,2.578,2.692,2.806,2.92,3.026,3.132,3.238,3.344,3.45,3.78,4.11,4.44,4.77,5.1,7.862,10.624,13.386,16.148,18.91,16.328,13.746,11.164,8.582,6.0,6.022,6.044,6.066,6.088,6.11,6.258,6.406,6.554,6.702,6.85,6.996,7.142,7.288,7.434,7.58,7.726,7.872,8.018,8.164,8.31,14.8,21.29,27.78,34.27,40.76,35.82,30.88,25.94,21.0,16.06,14.912,13.764,12.616,11.468,10.32,10.438,10.556,10.674,10.792,10.91,11.008,11.106,11.204,11.302,11.4,11.486,11.572,11.658,11.744,11.83,11.898,11.966,12.034,12.102,12.17,12.216,12.262,12.308,12.354,12.4,12.428,12.456,12.484,12.512,12.54,12.548,12.556,12.564,12.572,12.58,12.568,12.556,12.544,12.532,12.52,12.51,12.5,12.49,12.48,12.47,12.416,12.362,12.308,12.254,12.2,12.138,12.076,12.014,11.952,11.89,11.834,11.778,11.722,11.666,11.61,11.554,11.498,11.442,11.386,11.33,11.284,11.238,11.192,11.146,11.1,11.072,11.044,11.016,10.988,10.96,10.962,10.964,10.966,10.968,10.97,11.008,11.046,11.084,11.122,11.16,11.236,11.312,11.388,11.464,11.54,11.656,11.772,11.888,12.004,12.12,15.252,18.384,21.516,24.648,27.78,25.77,23.76,21.75,19.74,17.73,17.078,16.426,15.774,15.122,14.47,14.616,14.762,14.908,15.054,15.2,15.314,15.428,15.542,15.656,15.77,15.836,15.902,15.968,16.034,16.1,16.588,17.076,17.564,18.052,18.54,18.732,18.924,19.116,19.308,19.5,18.678,17.856,17.034,16.212,15.39,15.24,15.09,14.94,14.79,14.64,14.456,14.272,14.088,13.904,13.72,13.514,13.308,13.102,12.896,12.69,12.466,12.242,12.018,11.794,11.57,11.346,11.122,10.898,10.674,10.45,10.23,10.01,9.79,9.57,9.35,9.138,8.926,8.714,8.502,8.29,8.096,7.902,7.708,7.514,7.32,7.138,6.956,6.774,6.592,6.41,6.254,6.098,5.942,5.786,5.63,5.484,5.338,5.192,5.046,4.9,4.772,4.644,4.516,4.388,4.26,4.152,4.044,3.936,3.828,3.72,3.626,3.532,3.438,3.344,3.25,3.166,3.082,2.998,2.914,2.83,2.762,2.694,2.626,2.558,2.49,2.43,2.37,2.31,2.25,2.19,2.138,2.086,2.034,1.982,1.93,1.886,1.842,1.798,1.754,1.71,1.672,1.634,1.596,1.558,1.52,1.512,1.504,1.496,1.488,1.48,1.436,1.392,1.348,1.304,1.26,1.234,1.208,1.182,1.156,1.13,1.114,1.098,1.082,1.066,1.05,1.032,1.014,0.996,0.978,0.96,0.938,0.916,0.894,0.872,0.85,0.836,0.822,0.808,0.794,0.78,0.768,0.756,0.744,0.732,0.72,0.712,0.704,0.696,0.688,0.68,0.678,0.676,0.674,0.672,0.67,0.666,0.662,0.658,0.654,0.65,0.642,0.634,0.626,0.618,0.61,0.612,0.614,0.616,0.618,0.62,0.614,0.608,0.602,0.596,0.59,0.596,0.602,0.608,0.614,0.62,0.624,0.628,0.632,0.636,0.64,0.622,0.604,0.586,0.568,0.55,0.534,0.518,0.502,0.486,0.47,0.456,0.442,0.428,0.414,
1.05,1.102,1.154,1.206,1.258,1.31,1.374,1.438,1.502,1.566,1.63,1.684,1.738,1.792,1.846,1.9,2.142,2.384,2.626,2.868,3.11,5.448,7.786,10.124,12.462,14.8,12.526,10.252,7.978,5.704,3.43,3.404,3.378,3.352,3.326,3.3,3.376,3.452,3.528,3.604,3.68,3.758,3.836,3.914,3.992,4.07,4.146,4.222,4.298,4.374,4.45,10.082,15.714,21.346,26.978,32.61,28.236,23.862,19.488,15.114,10.74,9.688,8.636,7.584,6.532,5.48,5.54,5.6,5.66,5.72,5.78,5.83,5.88,5.93,5.98,6.03,6.074,6.118,6.162,6.206,6.25,6.282,6.314,6.346,6.378,6.41,6.432,6.454,6.476,6.498,6.52,6.532,6.544,6.556,6.568,6.58,6.582,6.584,6.586,6.588,6.59,6.584,6.578,6.572,6.566,6.56,6.56,6.56,6.56,6.56,6.56,6.532,6.504,6.476,6.448,6.42,6.392,6.364,6.336,6.308,6.28,6.264,6.248,6.232,6.216,6.2,6.198,6.196,6.194,6.192,6.19,6.212,6.234,6.256,6.278,6.3,6.36,6.42,6.48,6.54,6.6,6.704,6.808,6.912,7.016,7.12,7.284,7.448,7.612,7.776,7.94,8.166,8.392,8.618,8.844,9.07,9.354,9.638,9.922,10.206,10.49,13.436,16.382,19.328,22.274,25.22,23.668,22.116,20.564,19.012,17.46,17.094,16.728,16.362,15.996,15.63,15.948,16.266,16.584,16.902,17.22,17.482,17.744,18.006,18.268,18.53,18.71,18.89,19.07,19.25,19.43,19.938,20.446,20.954,21.462,21.97,22.178,22.386,22.594,22.802,23.01,22.29,21.57,20.85,20.13,19.41,19.24,19.07,18.9,18.73,18.56,18.332,18.104,17.876,17.648,17.42,17.154,16.888,16.622,16.356,16.09,15.8,15.51,15.22,14.93,14.64,14.342,14.044,13.746,13.448,13.15,12.856,12.562,12.268,11.974,11.68,11.394,11.108,10.822,10.536,10.25,9.99,9.73,9.47,9.21,8.95,8.708,8.466,8.224,7.982,7.74,7.53,7.32,7.11,6.9,6.69,6.494,6.298,6.102,5.906,5.71,5.542,5.374,5.206,5.038,4.87,4.728,4.586,4.444,4.302,4.16,4.038,3.916,3.794,3.672,3.55,3.444,3.338,3.232,3.126,3.02,2.93,2.84,2.75,2.66,2.57,2.496,2.422,2.348,2.274,2.2,2.134,2.068,2.002,1.936,1.87,1.816,1.762,1.708,1.654,1.6,1.554,1.508,1.462,1.416,1.37,1.354,1.338,1.322,1.306,1.29,1.242,1.194,1.146,1.098,1.05,1.022,0.994,0.966,0.938,0.91,0.89,0.87,0.85,0.83,0.81,0.79,0.77,0.75,0.73,0.71,0.69,0.67,0.65,0.63,0.61,0.596,0.582,0.568,0.554,0.54,0.528,0.516,0.504,0.492,0.48,0.472,0.464,0.456,0.448,0.44,0.438,0.436,0.434,0.432,0.43,0.424,0.418,0.412,0.406,0.4,0.394,0.388,0.382,0.376,0.37,0.372,0.374,0.376,0.378,0.38,0.374,0.368,0.362,0.356,0.35,0.358,0.366,0.374,0.382,0.39,0.394,0.398,0.402,0.406,0.41,0.394,0.378,0.362,0.346,0.33,0.316,0.302,0.288,0.274,0.26,0.25,0.24,0.23,0.22,
2.56,2.684,2.808,2.932,3.056,3.18,3.312,3.444,3.576,3.708,3.84,3.978,4.116,4.254,4.392,4.53,4.854,5.178,5.502,5.826,6.15,8.794,11.438,14.082,16.726,19.37,16.97,14.57,12.17,9.77,7.37,7.306,7.242,7.178,7.114,7.05,7.182,7.314,7.446,7.578,7.71,7.85,7.99,8.13,8.27,8.41,8.558,8.706,8.854,9.002,9.15,16.148,23.146,30.144,37.142,44.14,38.816,33.492,28.168,22.844,17.52,16.286,15.052,13.818,12.584,11.35,11.48,11.61,11.74,11.87,12.0,12.116,12.232,12.348,12.464,12.58,12.68,12.78,12.88,12.98,13.08,13.154,13.228,13.302,13.376,13.45,13.502,13.554,13.606,13.658,13.71,13.744,13.778,13.812,13.846,13.88,13.894,13.908,13.922,13.936,13.95,13.946,13.942,13.938,13.934,13.93,13.908,13.886,13.864,13.842,13.82,13.784,13.748,13.712,13.676,13.64,13.598,13.556,13.514,13.472,13.43,13.394,13.358,13.322,13.286,13.25,13.216,13.182,13.148,13.114,13.08,13.05,13.02,12.99,12.96,12.93,12.9,12.87,12.84,12.81,12.78,12.744,12.708,12.672,12.636,12.6,12.568,12.536,12.504,12.472,12.44,12.418,12.396,12.374,12.352,12.33,12.316,12.302,12.288,12.274,12.26,15.712,19.164,22.616,26.068,29.52,27.026,24.532,22.038,19.544,17.05,16.128,15.206,14.284,13.362,12.44,12.468,12.496,12.524,12.552,12.58,12.608,12.636,12.664,12.692,12.72,12.742,12.764,12.786,12.808,12.83,13.356,13.882,14.408,14.934,15.46,15.718,15.976,16.234,16.492,16.75,15.966,15.182,14.398,13.614,12.83,12.798,12.766,12.734,12.702,12.67,12.626,12.582,12.538,12.494,12.45,12.398,12.346,12.294,12.242,12.19,12.13,12.07,12.01,11.95,11.89,11.832,11.774,11.716,11.658,11.6,11.55,11.5,11.45,11.4,11.35,11.304,11.258,11.212,11.166,11.12,11.086,11.052,11.018,10.984,10.95,10.912,10.874,10.836,10.798,10.76,10.692,10.624,10.556,10.488,10.42,10.358,10.296,10.234,10.172,10.11,10.096,10.082,10.068,10.054,10.04,10.036,10.032,10.028,10.024,10.02,10.038,10.056,10.074,10.092,10.11,10.062,10.014,9.966,9.918,9.87,9.626,9.382,9.138,8.894,8.65,8.374,8.098,7.822,7.546,7.27,7.104,6.938,6.772,6.606,6.44,6.318,6.196,6.074,5.952,5.83,5.746,5.662,5.578,5.494,5.41,5.336,5.262,5.188,5.114,5.04,4.946,4.852,4.758,4.664,4.57,4.48,4.39,4.3,4.21,4.12,4.05,3.98,3.91,3.84,3.77,3.708,3.646,3.584,3.522,3.46,3.384,3.308,3.232,3.156,3.08,3.01,2.94,2.87,2.8,2.73,2.678,2.626,2.574,2.522,2.47,2.426,2.382,2.338,2.294,2.25,2.212,2.174,2.136,2.098,2.06,2.028,1.996,1.964,1.932,1.9,1.87,1.84,1.81,1.78,1.75,1.724,1.698,1.672,1.646,1.62,1.604,1.588,1.572,1.556,1.54,1.522,1.504,1.486,1.468,1.45,1.424,1.398,1.372,1.346,1.32,1.29,1.26,1.23,1.2,1.17,1.134,1.098,1.062,1.026,0.99,0.954,0.918,0.882,0.846,
1.21,1.268,1.326,1.384,1.442,1.5,1.562,1.624,1.686,1.748,1.81,1.874,1.938,2.002,2.066,2.13,2.338,2.546,2.754,2.962,3.17,5.152,7.134,9.116,11.098,13.08,11.23,9.38,7.53,5.68,3.83,3.754,3.678,3.602,3.526,3.45,3.532,3.614,3.696,3.778,3.86,3.972,4.084,4.196,4.308,4.42,4.554,4.688,4.822,4.956,5.09,10.892,16.694,22.496,28.298,34.1,29.764,25.428,21.092,16.756,12.42,11.472,10.524,9.576,8.628,7.68,7.864,8.048,8.232,8.416,8.6,8.772,8.944,9.116,9.288,9.46,9.616,9.772,9.928,10.084,10.24,10.36,10.48,10.6,10.72,10.84,10.938,11.036,11.134,11.232,11.33,11.406,11.482,11.558,11.634,11.71,11.764,11.818,11.872,11.926,11.98,12.018,12.056,12.094,12.132,12.17,12.192,12.214,12.236,12.258,12.28,12.288,12.296,12.304,12.312,12.32,12.326,12.332,12.338,12.344,12.35,12.368,12.386,12.404,12.422,12.44,12.462,12.484,12.506,12.528,12.55,12.576,12.602,12.628,12.654,12.68,12.698,12.716,12.734,12.752,12.77,12.76,12.75,12.74,12.73,12.72,12.696,12.672,12.648,12.624,12.6,12.566,12.532,12.498,12.464,12.43,12.388,12.346,12.304,12.262,12.22,15.568,18.916,22.264,25.612,28.96,26.47,23.98,21.49,19.0,16.51,15.566,14.622,13.678,12.734,11.79,11.784,11.778,11.772,11.766,11.76,11.762,11.764,11.766,11.768,11.77,11.784,11.798,11.812,11.826,11.84,12.394,12.948,13.502,14.056,14.61,14.91,15.21,15.51,15.81,16.11,15.356,14.602,13.848,13.094,12.34,12.378,12.416,12.454,12.492,12.53,12.568,12.606,12.644,12.682,12.72,12.76,12.8,12.84,12.88,12.92,12.96,13.0,13.04,13.08,13.12,13.164,13.208,13.252,13.296,13.34,13.394,13.448,13.502,13.556,13.61,13.662,13.714,13.766,13.818,13.87,13.91,13.95,13.99,14.03,14.07,14.096,14.122,14.148,14.174,14.2,14.192,14.184,14.176,14.168,14.16,14.154,14.148,14.142,14.136,14.13,14.172,14.214,14.256,14.298,14.34,14.372,14.404,14.436,14.468,14.5,14.492,14.484,14.476,14.468,14.46,14.368,14.276,14.184,14.092,14.0,13.716,13.432,13.148,12.864,12.58,12.262,11.944,11.626,11.308,10.99,10.788,10.586,10.384,10.182,9.98,9.828,9.676,9.524,9.372,9.22,9.1,8.98,8.86,8.74,8.62,8.51,8.4,8.29,8.18,8.07,7.934,7.798,7.662,7.526,7.39,7.254,7.118,6.982,6.846,6.71,6.6,6.49,6.38,6.27,6.16,6.054,5.948,5.842,5.736,5.63,5.51,5.39,5.27,5.15,5.03,4.916,4.802,4.688,4.574,4.46,4.372,4.284,4.196,4.108,4.02,3.948,3.876,3.804,3.732,3.66,3.6,3.54,3.48,3.42,3.36,3.306,3.252,3.198,3.144,3.09,3.042,2.994,2.946,2.898,2.85,2.81,2.77,2.73,2.69,2.65,2.622,2.594,2.566,2.538,2.51,2.482,2.454,2.426,2.398,2.37,2.326,2.282,2.238,2.194,2.15,2.098,2.046,1.994,1.942,1.89,1.834,1.778,1.722,1.666,1.61,1.552,1.494,1.436,1.378,
0.9,0.944,0.988,1.032,1.076,1.12,1.168,1.216,1.264,1.312,1.36,1.408,1.456,1.504,1.552,1.6,1.798,1.996,2.194,2.392,2.59,4.632,6.674,8.716,10.758,12.8,10.85,8.9,6.95,5.0,3.05,2.952,2.854,2.756,2.658,2.56,2.62,2.68,2.74,2.8,2.86,2.948,3.036,3.124,3.212,3.3,3.404,3.508,3.612,3.716,3.82,9.58,15.34,21.1,26.86,32.62,28.25,23.88,19.51,15.14,10.77,9.784,8.798,7.812,6.826,5.84,5.986,6.132,6.278,6.424,6.57,6.706,6.842,6.978,7.114,7.25,7.372,7.494,7.616,7.738,7.86,7.958,8.056,8.154,8.252,8.35,8.43,8.51,8.59,8.67,8.75,8.812,8.874,8.936,8.998,9.06,9.11,9.16,9.21,9.26,9.31,9.344,9.378,9.412,9.446,9.48,9.506,9.532,9.558,9.584,9.61,9.624,9.638,9.652,9.666,9.68,9.692,9.704,9.716,9.728,9.74,9.768,9.796,9.824,9.852,9.88,9.912,9.944,9.976,10.008,10.04,10.084,10.128,10.172,10.216,10.26,10.304,10.348,10.392,10.436,10.48,10.51,10.54,10.57,10.6,10.63,10.66,10.69,10.72,10.75,10.78,10.816,10.852,10.888,10.924,10.96,11.004,11.048,11.092,11.136,11.18,14.486,17.792,21.098,24.404,27.71,25.426,23.142,20.858,18.574,16.29,15.488,14.686,13.884,13.082,12.28,12.372,12.464,12.556,12.648,12.74,12.834,12.928,13.022,13.116,13.21,13.298,13.386,13.474,13.562,13.65,14.234,14.818,15.402,15.986,16.57,16.884,17.198,17.512,17.826,18.14,17.422,16.704,15.986,15.268,14.55,14.57,14.59,14.61,14.63,14.65,14.652,14.654,14.656,14.658,14.66,14.65,14.64,14.63,14.62,14.61,14.588,14.566,14.544,14.522,14.5,14.478,14.456,14.434,14.412,14.39,14.392,14.394,14.396,14.398,14.4,14.414,14.428,14.442,14.456,14.47,14.5,14.53,14.56,14.59,14.62,14.64,14.66,14.68,14.7,14.72,14.686,14.652,14.618,14.584,14.55,14.52,14.49,14.46,14.43,14.4,14.436,14.472,14.508,14.544,14.58,14.64,14.7,14.76,14.82,14.88,15.006,15.132,15.258,15.384,15.51,15.502,15.494,15.486,15.478,15.47,15.016,14.562,14.108,13.654,13.2,12.674,12.148,11.622,11.096,10.57,10.292,10.014,9.736,9.458,9.18,8.994,8.808,8.622,8.436,8.25,8.114,7.978,7.842,7.706,7.57,7.462,7.354,7.246,7.138,7.03,6.894,6.758,6.622,6.486,6.35,6.224,6.098,5.972,5.846,5.72,5.626,5.532,5.438,5.344,5.25,5.16,5.07,4.98,4.89,4.8,4.698,4.596,4.494,4.392,4.29,4.192,4.094,3.996,3.898,3.8,3.726,3.652,3.578,3.504,3.43,3.368,3.306,3.244,3.182,3.12,3.068,3.016,2.964,2.912,2.86,2.816,2.772,2.728,2.684,2.64,2.598,2.556,2.514,2.472,2.43,2.396,2.362,2.328,2.294,2.26,2.236,2.212,2.188,2.164,2.14,2.116,2.092,2.068,2.044,2.02,1.982,1.944,1.906,1.868,1.83,1.786,1.742,1.698,1.654,1.61,1.564,1.518,1.472,1.426,1.38,1.328,1.276,1.224,1.172,
1.11,1.048,0.986,0.924,0.862,0.8,0.764,0.728,0.692,0.656,0.62,0.61,0.6,0.59,0.58,0.57,0.752,0.934,1.116,1.298,1.48,3.616,5.752,7.888,10.024,12.16,10.152,8.144,6.136,4.128,2.12,2.236,2.352,2.468,2.584,2.7,2.908,3.116,3.324,3.532,3.74,4.02,4.3,4.58,4.86,5.14,5.462,5.784,6.106,6.428,6.75,12.278,17.806,23.334,28.862,34.39,30.484,26.578,22.672,18.766,14.86,13.968,13.076,12.184,11.292,10.4,10.472,10.544,10.616,10.688,10.76,10.742,10.724,10.706,10.688,10.67,10.558,10.446,10.334,10.222,10.11,9.942,9.774,9.606,9.438,9.27,9.074,8.878,8.682,8.486,8.29,8.09,7.89,7.69,7.49,7.29,7.414,7.538,7.662,7.786,7.91,9.656,11.402,13.148,14.894,16.64,16.658,16.676,16.694,16.712,16.73,15.472,14.214,12.956,11.698,10.44,9.54,8.64,7.74,6.84,5.94,5.42,4.9,4.38,3.86,3.34,3.142,2.944,2.746,2.548,2.35,2.256,2.162,2.068,1.974,1.88,1.822,1.764,1.706,1.648,1.59,1.566,1.542,1.518,1.494,1.47,1.536,1.602,1.668,1.734,1.8,2.582,3.364,4.146,4.928,5.71,12.764,19.818,26.872,33.926,40.98,47.522,54.064,60.606,67.148,73.69,65.674,57.658,49.642,41.626,33.61,28.536,23.462,18.388,13.314,8.24,7.268,6.296,5.324,4.352,3.38,3.198,3.016,2.834,2.652,2.47,2.404,2.338,2.272,2.206,2.14,2.684,3.228,3.772,4.316,4.86,6.178,7.496,8.814,10.132,11.45,12.118,12.786,13.454,14.122,14.79,14.264,13.738,13.212,12.686,12.16,11.522,10.884,10.246,9.608,8.97,8.48,7.99,7.5,7.01,6.52,6.878,7.236,7.594,7.952,8.31,15.472,22.634,29.796,36.958,44.12,42.206,40.292,38.378,36.464,34.55,30.058,25.566,21.074,16.582,12.09,12.102,12.114,12.126,12.138,12.15,11.824,11.498,11.172,10.846,10.52,9.302,8.084,6.866,5.648,4.43,3.934,3.438,2.942,2.446,1.95,1.998,2.046,2.094,2.142,2.19,2.39,2.59,2.79,2.99,3.19,3.106,3.022,2.938,2.854,2.77,2.674,2.578,2.482,2.386,2.29,2.232,2.174,2.116,2.058,2.0,1.904,1.808,1.712,1.616,1.52,1.486,1.452,1.418,1.384,1.35,1.374,1.398,1.422,1.446,1.47,1.534,1.598,1.662,1.726,1.79,1.78,1.77,1.76,1.75,1.74,1.596,1.452,1.308,1.164,1.02,1.044,1.068,1.092,1.116,1.14,1.576,2.012,2.448,2.884,3.32,3.554,3.788,4.022,4.256,4.49,4.002,3.514,3.026,2.538,2.05,1.738,1.426,1.114,0.802,0.49,0.44,0.39,0.34,0.29,0.24,0.234,0.228,0.222,0.216,0.21,0.21,0.21,0.21,0.21,0.21,0.216,0.222,0.228,0.234,0.24,0.24,0.24,0.24,0.24,0.24,0.234,0.228,0.222,0.216,0.21,0.202,0.194,0.186,0.178,0.17,0.178,0.186,0.194,0.202,0.21,0.212,0.214,0.216,0.218,0.22,0.21,0.2,0.19,0.18,0.17,0.16,0.15,0.14,0.13,0.12,0.114,0.108,0.102,0.096,
0.91,0.854,0.798,0.742,0.686,0.63,0.596,0.562,0.528,0.494,0.46,0.442,0.424,0.406,0.388,0.37,0.554,0.738,0.922,1.106,1.29,3.568,5.846,8.124,10.402,12.68,10.462,8.244,6.026,3.808,1.59,1.63,1.67,1.71,1.75,1.79,1.924,2.058,2.192,2.326,2.46,2.634,2.808,2.982,3.156,3.33,3.562,3.794,4.026,4.258,4.49,10.38,16.27,22.16,28.05,33.94,29.578,25.216,20.854,16.492,12.13,11.094,10.058,9.022,7.986,6.95,6.998,7.046,7.094,7.142,7.19,7.176,7.162,7.148,7.134,7.12,7.04,6.96,6.88,6.8,6.72,6.602,6.484,6.366,6.248,6.13,5.996,5.862,5.728,5.594,5.46,5.326,5.192,5.058,4.924,4.79,4.964,5.138,5.312,5.486,5.66,7.386,9.112,10.838,12.564,14.29,14.424,14.558,14.692,14.826,14.96,13.762,12.564,11.366,10.168,8.97,8.12,7.27,6.42,5.57,4.72,4.242,3.764,3.286,2.808,2.33,2.158,1.986,1.814,1.642,1.47,1.396,1.322,1.248,1.174,1.1,1.058,1.016,0.974,0.932,0.89,0.878,0.866,0.854,0.842,0.83,0.9,0.97,1.04,1.11,1.18,1.924,2.668,3.412,4.156,4.9,11.838,18.776,25.714,32.652,39.59,46.24,52.89,59.54,66.19,72.84,64.794,56.748,48.702,40.656,32.61,27.592,22.574,17.556,12.538,7.52,6.582,5.644,4.706,3.768,2.83,2.656,2.482,2.308,2.134,1.96,1.902,1.844,1.786,1.728,1.67,2.222,2.774,3.326,3.878,4.43,5.8,7.17,8.54,9.91,11.28,11.976,12.672,13.368,14.064,14.76,14.354,13.948,13.542,13.136,12.73,12.132,11.534,10.936,10.338,9.74,9.258,8.776,8.294,7.812,7.33,7.808,8.286,8.764,9.242,9.72,18.83,27.94,37.05,46.16,55.27,52.732,50.194,47.656,45.118,42.58,36.7,30.82,24.94,19.06,13.18,13.176,13.172,13.168,13.164,13.16,12.98,12.8,12.62,12.44,12.26,10.83,9.4,7.97,6.54,5.11,4.502,3.894,3.286,2.678,2.07,2.124,2.178,2.232,2.286,2.34,2.588,2.836,3.084,3.332,3.58,3.466,3.352,3.238,3.124,3.01,2.904,2.798,2.692,2.586,2.48,2.412,2.344,2.276,2.208,2.14,2.02,1.9,1.78,1.66,1.54,1.498,1.456,1.414,1.372,1.33,1.356,1.382,1.408,1.434,1.46,1.556,1.652,1.748,1.844,1.94,1.952,1.964,1.976,1.988,2.0,1.84,1.68,1.52,1.36,1.2,1.23,1.26,1.29,1.32,1.35,1.9,2.45,3.0,3.55,4.1,4.396,4.692,4.988,5.284,5.58,4.966,4.352,3.738,3.124,2.51,2.122,1.734,1.346,0.958,0.57,0.51,0.45,0.39,0.33,0.27,0.262,0.254,0.246,0.238,0.23,0.226,0.222,0.218,0.214,0.21,0.216,0.222,0.228,0.234,0.24,0.24,0.24,0.24,0.24,0.24,0.232,0.224,0.216,0.208,0.2,0.208,0.216,0.224,0.232,0.24,0.256,0.272,0.288,0.304,0.32,0.308,0.296,0.284,0.272,0.26,0.24,0.22,0.2,0.18,0.16,0.152,0.144,0.136,0.128,0.12,0.114,0.108,0.102,0.096,
0.96,0.896,0.832,0.768,0.704,0.64,0.592,0.544,0.496,0.448,0.4,0.386,0.372,0.358,0.344,0.33,0.502,0.674,0.846,1.018,1.19,3.448,5.706,7.964,10.222,12.48,10.208,7.936,5.664,3.392,1.12,1.084,1.048,1.012,0.976,0.94,0.968,0.996,1.024,1.052,1.08,1.138,1.196,1.254,1.312,1.37,1.452,1.534,1.616,1.698,1.78,7.234,12.688,18.142,23.596,29.05,24.82,20.59,16.36,12.13,7.9,6.85,5.8,4.75,3.7,2.65,2.662,2.674,2.686,2.698,2.71,2.698,2.686,2.674,2.662,2.65,2.618,2.586,2.554,2.522,2.49,2.458,2.426,2.394,2.362,2.33,2.284,2.238,2.192,2.146,2.1,2.062,2.024,1.986,1.948,1.91,2.13,2.35,2.57,2.79,3.01,4.574,6.138,7.702,9.266,10.83,11.04,11.25,11.46,11.67,11.88,10.88,9.88,8.88,7.88,6.88,6.19,5.5,4.81,4.12,3.43,3.042,2.654,2.266,1.878,1.49,1.376,1.262,1.148,1.034,0.92,0.878,0.836,0.794,0.752,0.71,0.688,0.666,0.644,0.622,0.6,0.606,0.612,0.618,0.624,0.63,0.724,0.818,0.912,1.006,1.1,1.792,2.484,3.176,3.868,4.56,10.528,16.496,22.464,28.432,34.4,40.6,46.8,53.0,59.2,65.4,58.216,51.032,43.848,36.664,29.48,25.016,20.552,16.088,11.624,7.16,6.344,5.528,4.712,3.896,3.08,2.958,2.836,2.714,2.592,2.47,2.43,2.39,2.35,2.31,2.27,2.834,3.398,3.962,4.526,5.09,6.464,7.838,9.212,10.586,11.96,12.632,13.304,13.976,14.648,15.32,15.11,14.9,14.69,14.48,14.27,13.788,13.306,12.824,12.342,11.86,11.344,10.828,10.312,9.796,9.28,9.886,10.492,11.098,11.704,12.31,23.554,34.798,46.042,57.286,68.53,65.428,62.326,59.224,56.122,53.02,45.35,37.68,30.01,22.34,14.67,14.612,14.554,14.496,14.438,14.38,14.446,14.512,14.578,14.644,14.71,13.06,11.41,9.76,8.11,6.46,5.682,4.904,4.126,3.348,2.57,2.606,2.642,2.678,2.714,2.75,3.036,3.322,3.608,3.894,4.18,4.032,3.884,3.736,3.588,3.44,3.314,3.188,3.062,2.936,2.81,2.732,2.654,2.576,2.498,2.42,2.264,2.108,1.952,1.796,1.64,1.584,1.528,1.472,1.416,1.36,1.386,1.412,1.438,1.464,1.49,1.62,1.75,1.88,2.01,2.14,2.18,2.22,2.26,2.3,2.34,2.156,1.972,1.788,1.604,1.42,1.458,1.496,1.534,1.572,1.61,2.296,2.982,3.668,4.354,5.04,5.428,5.816,6.204,6.592,6.98,6.222,5.464,4.706,3.948,3.19,2.694,2.198,1.702,1.206,0.71,0.628,0.546,0.464,0.382,0.3,0.292,0.284,0.276,0.268,0.26,0.254,0.248,0.242,0.236,0.23,0.24,0.25,0.26,0.27,0.28,0.28,0.28,0.28,0.28,0.28,0.266,0.252,0.238,0.224,0.21,0.202,0.194,0.186,0.178,0.17,0.178,0.186,0.194,0.202,0.21,0.206,0.202,0.198,0.194,0.19,0.182,0.174,0.166,0.158,0.15,0.14,0.13,0.12,0.11,0.1,0.09,0.08,0.07,0.06,
2.39,2.498,2.606,2.714,2.822,2.93,3.108,3.286,3.464,3.642,3.82,3.902,3.984,4.066,4.148,4.23,4.378,4.526,4.674,4.822,4.97,21.236,37.502,53.768,70.034,86.3,71.37,56.44,41.51,26.58,11.65,10.738,9.826,8.914,8.002,7.09,7.24,7.39,7.54,7.69,7.84,7.99,8.14,8.29,8.44,8.59,8.76,8.93,9.1,9.27,9.44,46.86,84.28,121.7,159.12,196.54,159.42,122.3,85.18,48.06,10.94,11.028,11.116,11.204,11.292,11.38,11.482,11.584,11.686,11.788,11.89,11.986,12.082,12.178,12.274,12.37,12.458,12.546,12.634,12.722,12.81,12.878,12.946,13.014,13.082,13.15,13.198,13.246,13.294,13.342,13.39,13.424,13.458,13.492,13.526,13.56,13.566,13.572,13.578,13.584,13.59,13.584,13.578,13.572,13.566,13.56,13.662,13.764,13.866,13.968,14.07,13.934,13.798,13.662,13.526,13.39,13.37,13.35,13.33,13.31,13.29,13.282,13.274,13.266,13.258,13.25,13.306,13.362,13.418,13.474,13.53,13.672,13.814,13.956,14.098,14.24,14.54,14.84,15.14,15.44,15.74,16.244,16.748,17.252,17.756,18.26,19.064,19.868,20.672,21.476,22.28,23.418,24.556,25.694,26.832,27.97,29.516,31.062,32.608,34.154,35.7,58.356,81.012,103.668,126.324,148.98,130.494,112.008,93.522,75.036,56.55,58.976,61.402,63.828,66.254,68.68,70.942,73.204,75.466,77.728,79.99,82.286,84.582,86.878,89.174,91.47,93.44,95.41,97.38,99.35,101.32,105.688,110.056,114.424,118.792,123.16,124.434,125.708,126.982,128.256,129.53,126.634,123.738,120.842,117.946,115.05,114.736,114.422,114.108,113.794,113.48,112.8,112.12,111.44,110.76,110.08,108.92,107.76,106.6,105.44,104.28,103.02,101.76,100.5,99.24,97.98,96.304,94.628,92.952,91.276,89.6,87.828,86.056,84.284,82.512,80.74,78.976,77.212,75.448,73.684,71.92,70.236,68.552,66.868,65.184,63.5,61.892,60.284,58.676,57.068,55.46,53.962,52.464,50.966,49.468,47.97,46.654,45.338,44.022,42.706,41.39,40.212,39.034,37.856,36.678,35.5,34.464,33.428,32.392,31.356,30.32,29.414,28.508,27.602,26.696,25.79,25.0,24.21,23.42,22.63,21.84,21.178,20.516,19.854,19.192,18.53,17.958,17.386,16.814,16.242,15.67,15.18,14.69,14.2,13.71,13.22,12.804,12.388,11.972,11.556,11.14,10.792,10.444,10.096,9.748,9.4,9.25,9.1,8.95,8.8,8.65,8.27,7.89,7.51,7.13,6.75,6.538,6.326,6.114,5.902,5.69,5.526,5.362,5.198,5.034,4.87,4.754,4.638,4.522,4.406,4.29,4.14,3.99,3.84,3.69,3.54,3.438,3.336,3.234,3.132,3.03,2.948,2.866,2.784,2.702,2.62,2.552,2.484,2.416,2.348,2.28,2.212,2.144,2.076,2.008,1.94,1.892,1.844,1.796,1.748,1.7,1.66,1.62,1.58,1.54,1.5,1.472,1.444,1.416,1.388,1.36,1.32,1.28,1.24,1.2,1.16,1.91,2.66,3.41,4.16,4.91,4.118,3.326,2.534,1.742,0.95,1.06,1.17,1.28,1.39,1.5,1.378,1.256,1.134,1.012,0.89,0.848,0.806,0.764,0.722,
5.8,6.038,6.276,6.514,6.752,6.99,7.332,7.674,8.016,8.358,8.7,8.938,9.176,9.414,9.652,9.89,10.23,10.57,10.91,11.25,11.59,28.178,44.766,61.354,77.942,94.53,79.784,65.038,50.292,35.546,20.8,19.944,19.088,18.232,17.376,16.52,16.876,17.232,17.588,17.944,18.3,18.706,19.112,19.518,19.924,20.33,20.664,20.998,21.332,21.666,22.0,63.98,105.96,147.94,189.92,231.9,190.682,149.464,108.246,67.028,25.81,26.174,26.538,26.902,27.266,27.63,27.924,28.218,28.512,28.806,29.1,29.402,29.704,30.006,30.308,30.61,30.872,31.134,31.396,31.658,31.92,32.158,32.396,32.634,32.872,33.11,33.254,33.398,33.542,33.686,33.83,34.004,34.178,34.352,34.526,34.7,34.764,34.828,34.892,34.956,35.02,35.06,35.1,35.14,35.18,35.22,35.338,35.456,35.574,35.692,35.81,35.676,35.542,35.408,35.274,35.14,35.14,35.14,35.14,35.14,35.14,35.092,35.044,34.996,34.948,34.9,34.86,34.82,34.78,34.74,34.7,34.764,34.828,34.892,34.956,35.02,35.242,35.464,35.686,35.908,36.13,36.488,36.846,37.204,37.562,37.92,38.46,39.0,39.54,40.08,40.62,41.436,42.252,43.068,43.884,44.7,45.686,46.672,47.658,48.644,49.63,70.536,91.442,112.348,133.254,154.16,135.77,117.38,98.99,80.6,62.21,63.552,64.894,66.236,67.578,68.92,70.302,71.684,73.066,74.448,75.83,77.054,78.278,79.502,80.726,81.95,82.95,83.95,84.95,85.95,86.95,90.268,93.586,96.904,100.222,103.54,104.82,106.1,107.38,108.66,109.94,106.342,102.744,99.146,95.548,91.95,91.53,91.11,90.69,90.27,89.85,89.31,88.77,88.23,87.69,87.15,86.372,85.594,84.816,84.038,83.26,82.394,81.528,80.662,79.796,78.93,77.93,76.93,75.93,74.93,73.93,72.912,71.894,70.876,69.858,68.84,67.76,66.68,65.6,64.52,63.44,62.52,61.6,60.68,59.76,58.84,57.84,56.84,55.84,54.84,53.84,52.958,52.076,51.194,50.312,49.43,48.652,47.874,47.096,46.318,45.54,44.738,43.936,43.134,42.332,41.53,40.886,40.242,39.598,38.954,38.31,37.572,36.834,36.096,35.358,34.62,34.056,33.492,32.928,32.364,31.8,31.244,30.688,30.132,29.576,29.02,28.56,28.1,27.64,27.18,26.72,26.22,25.72,25.22,24.72,24.22,23.814,23.408,23.002,22.596,22.19,21.834,21.478,21.122,20.766,20.41,20.148,19.886,19.624,19.362,19.1,18.638,18.176,17.714,17.252,16.79,16.458,16.126,15.794,15.462,15.13,14.868,14.606,14.344,14.082,13.82,13.582,13.344,13.106,12.868,12.63,12.382,12.134,11.886,11.638,11.39,11.176,10.962,10.748,10.534,10.32,10.098,9.876,9.654,9.432,9.21,9.146,9.082,9.018,8.954,8.89,8.612,8.334,8.056,7.778,7.5,7.342,7.184,7.026,6.868,6.71,6.59,6.47,6.35,6.23,6.11,5.968,5.826,5.684,5.542,5.4,5.28,5.16,5.04,4.92,4.8,5.58,6.36,7.14,7.92,8.7,7.762,6.824,5.886,4.948,4.01,4.026,4.042,4.058,4.074,4.09,3.932,3.774,3.616,3.458,3.3,3.204,3.108,3.012,2.916,
8.94,9.394,9.848,10.302,10.756,11.21,11.784,12.358,12.932,13.506,14.08,14.56,15.04,15.52,16.0,16.48,17.11,17.74,18.37,19.0,19.63,38.97,58.31,77.65,96.99,116.33,99.478,82.626,65.774,48.922,32.07,31.6,31.13,30.66,30.19,29.72,30.454,31.188,31.922,32.656,33.39,34.1,34.81,35.52,36.23,36.94,37.618,38.296,38.974,39.652,40.33,84.796,129.262,173.728,218.194,262.66,219.502,176.344,133.186,90.028,46.87,47.454,48.038,48.622,49.206,49.79,50.324,50.858,51.392,51.926,52.46,52.93,53.4,53.87,54.34,54.81,55.21,55.61,56.01,56.41,56.81,57.136,57.462,57.788,58.114,58.44,58.656,58.872,59.088,59.304,59.52,59.64,59.76,59.88,60.0,60.12,60.144,60.168,60.192,60.216,60.24,60.168,60.096,60.024,59.952,59.88,59.88,59.88,59.88,59.88,59.88,59.624,59.368,59.112,58.856,58.6,58.45,58.3,58.15,58.0,57.85,57.538,57.226,56.914,56.602,56.29,55.994,55.698,55.402,55.106,54.81,54.532,54.254,53.976,53.698,53.42,53.276,53.132,52.988,52.844,52.7,52.66,52.62,52.58,52.54,52.5,52.66,52.82,52.98,53.14,53.3,53.618,53.936,54.254,54.572,54.89,55.434,55.978,56.522,57.066,57.61,82.638,107.666,132.694,157.722,182.75,159.254,135.758,112.262,88.766,65.27,66.098,66.926,67.754,68.582,69.41,70.184,70.958,71.732,72.506,73.28,73.936,74.592,75.248,75.904,76.56,76.982,77.404,77.826,78.248,78.67,82.084,85.498,88.912,92.326,95.74,96.036,96.332,96.628,96.924,97.22,93.134,89.048,84.962,80.876,76.79,76.104,75.418,74.732,74.046,73.36,72.554,71.748,70.942,70.136,69.33,68.31,67.29,66.27,65.25,64.23,63.168,62.106,61.044,59.982,58.92,57.812,56.704,55.596,54.488,53.38,52.286,51.192,50.098,49.004,47.91,46.85,45.79,44.73,43.67,42.61,41.636,40.662,39.688,38.714,37.74,36.814,35.888,34.962,34.036,33.11,32.296,31.482,30.668,29.854,29.04,28.29,27.54,26.79,26.04,25.29,24.652,24.014,23.376,22.738,22.1,21.542,20.984,20.426,19.868,19.31,18.816,18.322,17.828,17.334,16.84,16.408,15.976,15.544,15.112,14.68,14.322,13.964,13.606,13.248,12.89,12.586,12.282,11.978,11.674,11.37,11.09,10.81,10.53,10.25,9.97,9.74,9.51,9.28,9.05,8.82,8.628,8.436,8.244,8.052,7.86,7.844,7.828,7.812,7.796,7.78,7.484,7.188,6.892,6.596,6.3,6.174,6.048,5.922,5.796,5.67,5.566,5.462,5.358,5.254,5.15,5.102,5.054,5.006,4.958,4.91,4.79,4.67,4.55,4.43,4.31,4.246,4.182,4.118,4.054,3.99,3.926,3.862,3.798,3.734,3.67,3.622,3.574,3.526,3.478,3.43,3.382,3.334,3.286,3.238,3.19,3.142,3.094,3.046,2.998,2.95,2.91,2.87,2.83,2.79,2.75,2.726,2.702,2.678,2.654,2.63,2.59,2.55,2.51,2.47,2.43,3.372,4.314,5.256,6.198,7.14,6.15,5.16,4.17,3.18,2.19,2.294,2.398,2.502,2.606,2.71,2.568,2.426,2.284,2.142,2.0,1.96,1.92,1.88,1.84,
3.46,3.54,3.62,3.7,3.78,3.86,3.97,4.08,4.19,4.3,4.41,4.43,4.45,4.47,4.49,4.51,4.58,4.65,4.72,4.79,4.86,18.132,31.404,44.676,57.948,71.22,58.72,46.22,33.72,21.22,8.72,8.048,7.376,6.704,6.032,5.36,5.41,5.46,5.51,5.56,5.61,5.67,5.73,5.79,5.85,5.91,6.012,6.114,6.216,6.318,6.42,43.69,80.96,118.23,155.5,192.77,155.77,118.77,81.77,44.77,7.77,7.89,8.01,8.13,8.25,8.37,8.54,8.71,8.88,9.05,9.22,9.412,9.604,9.796,9.988,10.18,10.38,10.58,10.78,10.98,11.18,11.4,11.62,11.84,12.06,12.28,12.5,12.72,12.94,13.16,13.38,13.612,13.844,14.076,14.308,14.54,14.78,15.02,15.26,15.5,15.74,16.01,16.28,16.55,16.82,17.09,17.592,18.094,18.596,19.098,19.6,19.89,20.18,20.47,20.76,21.05,21.632,22.214,22.796,23.378,23.96,24.722,25.484,26.246,27.008,27.77,28.752,29.734,30.716,31.698,32.68,33.802,34.924,36.046,37.168,38.29,39.384,40.478,41.572,42.666,43.76,44.552,45.344,46.136,46.928,47.72,48.23,48.74,49.25,49.76,50.27,50.572,50.874,51.176,51.478,51.78,51.96,52.14,52.32,52.5,52.68,75.616,98.552,121.488,144.424,167.36,144.946,122.532,100.118,77.704,55.29,55.62,55.95,56.28,56.61,56.94,57.412,57.884,58.356,58.828,59.3,59.87,60.44,61.01,61.58,62.15,62.772,63.394,64.016,64.638,65.26,69.06,72.86,76.66,80.46,84.26,85.252,86.244,87.236,88.228,89.22,86.534,83.848,81.162,78.476,75.79,76.47,77.15,77.83,78.51,79.19,79.912,80.634,81.356,82.078,82.8,83.392,83.984,84.576,85.168,85.76,86.332,86.904,87.476,88.048,88.62,89.12,89.62,90.12,90.62,91.12,91.582,92.044,92.506,92.968,93.43,94.122,94.814,95.506,96.198,96.89,97.802,98.714,99.626,100.538,101.45,101.89,102.33,102.77,103.21,103.65,102.98,102.31,101.64,100.97,100.3,99.818,99.336,98.854,98.372,97.89,97.63,97.37,97.11,96.85,96.59,98.514,100.438,102.362,104.286,106.21,106.962,107.714,108.466,109.218,109.97,111.474,112.978,114.482,115.986,117.49,113.2,108.91,104.62,100.33,96.04,92.862,89.684,86.506,83.328,80.15,78.204,76.258,74.312,72.366,70.42,69.338,68.256,67.174,66.092,65.01,64.038,63.066,62.094,61.122,60.15,59.328,58.506,57.684,56.862,56.04,55.016,53.992,52.968,51.944,50.92,49.988,49.056,48.124,47.192,46.26,45.528,44.796,44.064,43.332,42.6,41.85,41.1,40.35,39.6,38.85,38.098,37.346,36.594,35.842,35.09,34.418,33.746,33.074,32.402,31.73,31.138,30.546,29.954,29.362,28.77,28.168,27.566,26.964,26.362,25.76,25.24,24.72,24.2,23.68,23.16,22.788,22.416,22.044,21.672,21.3,20.75,20.2,19.65,19.1,18.55,18.388,18.226,18.064,17.902,17.74,17.14,16.54,15.94,15.34,14.74,14.378,14.016,13.654,13.292,12.93,13.07,13.21,13.35,13.49,13.63,12.99,12.35,11.71,11.07,10.43,10.278,10.126,9.974,9.822,9.67,9.35,9.03,8.71,8.39,
4.72,4.94,5.16,5.38,5.6,5.82,6.092,6.364,6.636,6.908,7.18,7.422,7.664,7.906,8.148,8.39,8.704,9.018,9.332,9.646,9.96,19.74,29.52,39.3,49.08,58.86,50.244,41.628,33.012,24.396,15.78,15.644,15.508,15.372,15.236,15.1,15.54,15.98,16.42,16.86,17.3,17.772,18.244,18.716,19.188,19.66,20.214,20.768,21.322,21.876,22.43,53.144,83.858,114.572,145.286,176.0,146.534,117.068,87.602,58.136,28.67,29.32,29.97,30.62,31.27,31.92,32.612,33.304,33.996,34.688,35.38,36.05,36.72,37.39,38.06,38.73,39.38,40.03,40.68,41.33,41.98,42.568,43.156,43.744,44.332,44.92,45.434,45.948,46.462,46.976,47.49,47.908,48.326,48.744,49.162,49.58,49.906,50.232,50.558,50.884,51.21,51.44,51.67,51.9,52.13,52.36,52.686,53.012,53.338,53.664,53.99,53.948,53.906,53.864,53.822,53.78,53.832,53.884,53.936,53.988,54.04,54.008,53.976,53.944,53.912,53.88,53.828,53.776,53.724,53.672,53.62,53.546,53.472,53.398,53.324,53.25,53.218,53.186,53.154,53.122,53.09,53.048,53.006,52.964,52.922,52.88,52.902,52.924,52.946,52.968,52.99,53.022,53.054,53.086,53.118,53.15,53.254,53.358,53.462,53.566,53.67,76.522,99.374,122.226,145.078,167.93,145.466,123.002,100.538,78.074,55.61,55.852,56.094,56.336,56.578,56.82,57.134,57.448,57.762,58.076,58.39,58.756,59.122,59.488,59.854,60.22,60.618,61.016,61.414,61.812,62.21,66.058,69.906,73.754,77.602,81.45,82.152,82.854,83.556,84.258,84.96,81.71,78.46,75.21,71.96,68.71,69.108,69.506,69.904,70.302,70.7,71.162,71.624,72.086,72.548,73.01,73.346,73.682,74.018,74.354,74.69,75.004,75.318,75.632,75.946,76.26,76.544,76.828,77.112,77.396,77.68,77.878,78.076,78.274,78.472,78.67,78.964,79.258,79.552,79.846,80.14,80.454,80.768,81.082,81.396,81.71,81.784,81.858,81.932,82.006,82.08,81.66,81.24,80.82,80.4,79.98,79.614,79.248,78.882,78.516,78.15,77.824,77.498,77.172,76.846,76.52,77.056,77.592,78.128,78.664,79.2,79.262,79.324,79.386,79.448,79.51,79.824,80.138,80.452,80.766,81.08,79.016,76.952,74.888,72.824,70.76,69.124,67.488,65.852,64.216,62.58,61.438,60.296,59.154,58.012,56.87,56.062,55.254,54.446,53.638,52.83,52.086,51.342,50.598,49.854,49.11,48.544,47.978,47.412,46.846,46.28,45.472,44.664,43.856,43.048,42.24,41.508,40.776,40.044,39.312,38.58,37.982,37.384,36.786,36.188,35.59,35.024,34.458,33.892,33.326,32.76,32.13,31.5,30.87,30.24,29.61,29.066,28.522,27.978,27.434,26.89,26.418,25.946,25.474,25.002,24.53,24.058,23.586,23.114,22.642,22.17,21.74,21.31,20.88,20.45,20.02,19.706,19.392,19.078,18.764,18.45,17.978,17.506,17.034,16.562,16.09,15.996,15.902,15.808,15.714,15.62,15.116,14.612,14.108,13.604,13.1,12.818,12.536,12.254,11.972,11.69,11.836,11.982,12.128,12.274,12.42,11.822,11.224,10.626,10.028,9.43,9.336,9.242,9.148,9.054,8.96,8.646,8.332,8.018,7.704,
5.53,5.75,5.97,6.19,6.41,6.63,6.918,7.206,7.494,7.782,8.07,8.346,8.622,8.898,9.174,9.45,9.816,10.182,10.548,10.914,11.28,21.318,31.356,41.394,51.432,61.47,52.736,44.002,35.268,26.534,17.8,17.734,17.668,17.602,17.536,17.47,18.0,18.53,19.06,19.59,20.12,20.706,21.292,21.878,22.464,23.05,23.714,24.378,25.042,25.706,26.37,58.298,90.226,122.154,154.082,186.01,155.596,125.182,94.768,64.354,33.94,34.748,35.556,36.364,37.172,37.98,38.808,39.636,40.464,41.292,42.12,42.972,43.824,44.676,45.528,46.38,47.164,47.948,48.732,49.516,50.3,51.03,51.76,52.49,53.22,53.95,54.548,55.146,55.744,56.342,56.94,57.448,57.956,58.464,58.972,59.48,59.856,60.232,60.608,60.984,61.36,61.624,61.888,62.152,62.416,62.68,63.012,63.344,63.676,64.008,64.34,64.252,64.164,64.076,63.988,63.9,63.89,63.88,63.87,63.86,63.85,63.728,63.606,63.484,63.362,63.24,63.084,62.928,62.772,62.616,62.46,62.25,62.04,61.83,61.62,61.41,61.222,61.034,60.846,60.658,60.47,60.272,60.074,59.876,59.678,59.48,59.314,59.148,58.982,58.816,58.65,58.506,58.362,58.218,58.074,57.93,57.842,57.754,57.666,57.578,57.49,81.026,104.562,128.098,151.634,175.17,151.59,128.01,104.43,80.85,57.27,57.314,57.358,57.402,57.446,57.49,57.59,57.69,57.79,57.89,57.99,58.144,58.298,58.452,58.606,58.76,58.936,59.112,59.288,59.464,59.64,63.466,67.292,71.118,74.944,78.77,79.268,79.766,80.264,80.762,81.26,77.644,74.028,70.412,66.796,63.18,63.402,63.624,63.846,64.068,64.29,64.588,64.886,65.184,65.482,65.78,65.978,66.176,66.374,66.572,66.77,66.97,67.17,67.37,67.57,67.77,67.936,68.102,68.268,68.434,68.6,68.7,68.8,68.9,69.0,69.1,69.31,69.52,69.73,69.94,70.15,70.458,70.766,71.074,71.382,71.69,71.746,71.802,71.858,71.914,71.97,71.538,71.106,70.674,70.242,69.81,69.458,69.106,68.754,68.402,68.05,67.772,67.494,67.216,66.938,66.66,67.268,67.876,68.484,69.092,69.7,69.834,69.968,70.102,70.236,70.37,70.79,71.21,71.63,72.05,72.47,70.436,68.402,66.368,64.334,62.3,60.73,59.16,57.59,56.02,54.45,53.4,52.35,51.3,50.25,49.2,48.48,47.76,47.04,46.32,45.6,44.96,44.32,43.68,43.04,42.4,41.924,41.448,40.972,40.496,40.02,39.312,38.604,37.896,37.188,36.48,35.84,35.2,34.56,33.92,33.28,32.792,32.304,31.816,31.328,30.84,30.332,29.824,29.316,28.808,28.3,27.77,27.24,26.71,26.18,25.65,25.186,24.722,24.258,23.794,23.33,22.91,22.49,22.07,21.65,21.23,20.842,20.454,20.066,19.678,19.29,18.914,18.538,18.162,17.786,17.41,17.19,16.97,16.75,16.53,16.31,15.89,15.47,15.05,14.63,14.21,14.176,14.142,14.108,14.074,14.04,13.542,13.044,12.546,12.048,11.55,11.318,11.086,10.854,10.622,10.39,10.568,10.746,10.924,11.102,11.28,10.726,10.172,9.618,9.064,8.51,8.456,8.402,8.348,8.294,8.24,7.996,7.752,7.508,7.264,
3.79,3.544,3.298,3.052,2.806,2.56,2.43,2.3,2.17,2.04,1.91,1.812,1.714,1.616,1.518,1.42,1.438,1.456,1.474,1.492,1.51,15.936,30.362,44.788,59.214,73.64,60.386,47.132,33.878,20.624,7.37,6.834,6.298,5.762,5.226,4.69,4.818,4.946,5.074,5.202,5.33,5.614,5.898,6.182,6.466,6.75,7.102,7.454,7.806,8.158,8.51,43.17,77.83,112.49,147.15,181.81,147.79,113.77,79.75,45.73,11.71,11.76,11.81,11.86,11.91,11.96,12.004,12.048,12.092,12.136,12.18,12.124,12.068,12.012,11.956,11.9,11.752,11.604,11.456,11.308,11.16,11.172,11.184,11.196,11.208,11.22,10.942,10.664,10.386,10.108,9.83,9.652,9.474,9.296,9.118,8.94,9.568,10.196,10.824,11.452,12.08,20.176,28.272,36.368,44.464,52.56,53.132,53.704,54.276,54.848,55.42,50.674,45.928,41.182,36.436,31.69,28.558,25.426,22.294,19.162,16.03,14.168,12.306,10.444,8.582,6.72,6.294,5.868,5.442,5.016,4.59,4.406,4.222,4.038,3.854,3.67,3.54,3.41,3.28,3.15,3.02,3.058,3.096,3.134,3.172,3.21,3.548,3.886,4.224,4.562,4.9,7.73,10.56,13.39,16.22,19.05,50.768,82.486,114.204,145.922,177.64,211.58,245.52,279.46,313.4,347.34,301.232,255.124,209.016,162.908,116.8,99.814,82.828,65.842,48.856,31.87,28.77,25.67,22.57,19.47,16.37,16.08,15.79,15.5,15.21,14.92,14.76,14.6,14.44,14.28,14.12,17.196,20.272,23.348,26.424,29.5,35.88,42.26,48.64,55.02,61.4,66.13,70.86,75.59,80.32,85.05,81.012,76.974,72.936,68.898,64.86,64.89,64.92,64.95,64.98,65.01,62.642,60.274,57.906,55.538,53.17,49.38,45.59,41.8,38.01,34.22,112.83,191.44,270.05,348.66,427.27,382.036,336.802,291.568,246.334,201.1,172.606,144.112,115.618,87.124,58.63,61.306,63.982,66.658,69.334,72.01,75.246,78.482,81.718,84.954,88.19,74.566,60.942,47.318,33.694,20.07,18.676,17.282,15.888,14.494,13.1,13.064,13.028,12.992,12.956,12.92,15.244,17.568,19.892,22.216,24.54,22.82,21.1,19.38,17.66,15.94,15.464,14.988,14.512,14.036,13.56,13.524,13.488,13.452,13.416,13.38,12.388,11.396,10.404,9.412,8.42,8.05,7.68,7.31,6.94,6.57,6.692,6.814,6.936,7.058,7.18,7.724,8.268,8.812,9.356,9.9,10.214,10.528,10.842,11.156,11.47,10.952,10.434,9.916,9.398,8.88,7.714,6.548,5.382,4.216,3.05,6.848,10.646,14.444,18.242,22.04,26.19,30.34,34.49,38.64,42.79,37.112,31.434,25.756,20.078,14.4,11.896,9.392,6.888,4.384,1.88,1.824,1.768,1.712,1.656,1.6,1.564,1.528,1.492,1.456,1.42,1.346,1.272,1.198,1.124,1.05,1.086,1.122,1.158,1.194,1.23,1.336,1.442,1.548,1.654,1.76,1.556,1.352,1.148,0.944,0.74,0.696,0.652,0.608,0.564,0.52,1.236,1.952,2.668,3.384,4.1,3.372,2.644,1.916,1.188,0.46,0.566,0.672,0.778,0.884,0.99,0.878,0.766,0.654,0.542,0.43,0.344,0.258,0.172,0.086,
4.18,3.93,3.68,3.43,3.18,2.93,2.802,2.674,2.546,2.418,2.29,2.228,2.166,2.104,2.042,1.98,2.072,2.164,2.256,2.348,2.44,16.092,29.744,43.396,57.048,70.7,58.598,46.496,34.394,22.292,10.19,10.11,10.03,9.95,9.87,9.79,10.474,11.158,11.842,12.526,13.21,14.126,15.042,15.958,16.874,17.79,18.828,19.866,20.904,21.942,22.98,56.67,90.36,124.05,157.74,191.43,159.496,127.562,95.628,63.694,31.76,32.078,32.396,32.714,33.032,33.35,33.454,33.558,33.662,33.766,33.87,33.674,33.478,33.282,33.086,32.89,32.432,31.974,31.516,31.058,30.6,30.136,29.672,29.208,28.744,28.28,27.586,26.892,26.198,25.504,24.81,24.168,23.526,22.884,22.242,21.6,21.96,22.32,22.68,23.04,23.4,32.518,41.636,50.754,59.872,68.99,69.362,69.734,70.106,70.478,70.85,65.138,59.426,53.714,48.002,42.29,38.366,34.442,30.518,26.594,22.67,20.352,18.034,15.716,13.398,11.08,10.396,9.712,9.028,8.344,7.66,7.342,7.024,6.706,6.388,6.07,5.87,5.67,5.47,5.27,5.07,5.032,4.994,4.956,4.918,4.88,5.156,5.432,5.708,5.984,6.26,9.066,11.872,14.678,17.484,20.29,57.166,94.042,130.918,167.794,204.67,241.786,278.902,316.018,353.134,390.25,339.338,288.426,237.514,186.602,135.69,115.466,95.242,75.018,54.794,34.57,30.798,27.026,23.254,19.482,15.71,15.088,14.466,13.844,13.222,12.6,12.29,11.98,11.67,11.36,11.05,13.85,16.65,19.45,22.25,25.05,31.036,37.022,43.008,48.994,54.98,60.552,66.124,71.696,77.268,82.84,77.916,72.992,68.068,63.144,58.22,57.188,56.156,55.124,54.092,53.06,50.736,48.412,46.088,43.764,41.44,38.204,34.968,31.732,28.496,25.26,86.186,147.112,208.038,268.964,329.89,296.17,262.45,228.73,195.01,161.29,139.87,118.45,97.03,75.61,54.19,56.612,59.034,61.456,63.878,66.3,67.326,68.352,69.378,70.404,71.43,60.292,49.154,38.016,26.878,15.74,14.636,13.532,12.428,11.324,10.22,10.312,10.404,10.496,10.588,10.68,12.608,14.536,16.464,18.392,20.32,19.082,17.844,16.606,15.368,14.13,13.648,13.166,12.684,12.202,11.72,11.726,11.732,11.738,11.744,11.75,10.974,10.198,9.422,8.646,7.87,7.572,7.274,6.976,6.678,6.38,6.55,6.72,6.89,7.06,7.23,7.572,7.914,8.256,8.598,8.94,9.11,9.28,9.45,9.62,9.79,9.284,8.778,8.272,7.766,7.26,6.326,5.392,4.458,3.524,2.59,5.478,8.366,11.254,14.142,17.03,20.362,23.694,27.026,30.358,33.69,29.356,25.022,20.688,16.354,12.02,9.952,7.884,5.816,3.748,1.68,1.644,1.608,1.572,1.536,1.5,1.462,1.424,1.386,1.348,1.31,1.25,1.19,1.13,1.07,1.01,1.04,1.07,1.1,1.13,1.16,1.246,1.332,1.418,1.504,1.59,1.43,1.27,1.11,0.95,0.79,0.766,0.742,0.718,0.694,0.67,1.5,2.33,3.16,3.99,4.82,3.978,3.136,2.294,1.452,0.61,0.738,0.866,0.994,1.122,1.25,1.158,1.066,0.974,0.882,0.79,0.748,0.706,0.664,0.622,
3.77,3.544,3.318,3.092,2.866,2.64,2.524,2.408,2.292,2.176,2.06,2.022,1.984,1.946,1.908,1.87,2.006,2.142,2.278,2.414,2.55,16.376,30.202,44.028,57.854,71.68,59.754,47.828,35.902,23.976,12.05,12.354,12.658,12.962,13.266,13.57,14.776,15.982,17.188,18.394,19.6,21.146,22.692,24.238,25.784,27.33,28.942,30.554,32.166,33.778,35.39,70.676,105.962,141.248,176.534,211.82,179.26,146.7,114.14,81.58,49.02,49.582,50.144,50.706,51.268,51.83,51.964,52.098,52.232,52.366,52.5,52.146,51.792,51.438,51.084,50.73,49.97,49.21,48.45,47.69,46.93,46.028,45.126,44.224,43.322,42.42,41.368,40.316,39.264,38.212,37.16,36.096,35.032,33.968,32.904,31.84,31.86,31.88,31.9,31.92,31.94,41.1,50.26,59.42,68.58,77.74,78.082,78.424,78.766,79.108,79.45,73.146,66.842,60.538,54.234,47.93,43.592,39.254,34.916,30.578,26.24,23.622,21.004,18.386,15.768,13.15,12.28,11.41,10.54,9.67,8.8,8.38,7.96,7.54,7.12,6.7,6.436,6.172,5.908,5.644,5.38,5.29,5.2,5.11,5.02,4.93,5.156,5.382,5.608,5.834,6.06,8.8,11.54,14.28,17.02,19.76,58.996,98.232,137.468,176.704,215.94,255.178,294.416,333.654,372.892,412.13,358.182,304.234,250.286,196.338,142.39,120.86,99.33,77.8,56.27,34.74,30.744,26.748,22.752,18.756,14.76,14.006,13.252,12.498,11.744,10.99,10.642,10.294,9.946,9.598,9.25,12.1,14.95,17.8,20.65,23.5,29.41,35.32,41.23,47.14,53.05,58.82,64.59,70.36,76.13,81.9,76.504,71.108,65.712,60.316,54.92,53.496,52.072,50.648,49.224,47.8,45.57,43.34,41.11,38.88,36.65,33.684,30.718,27.752,24.786,21.82,74.594,127.368,180.142,232.916,285.69,256.54,227.39,198.24,169.09,139.94,122.626,105.312,87.998,70.684,53.37,55.556,57.742,59.928,62.114,64.3,64.248,64.196,64.144,64.092,64.04,53.99,43.94,33.89,23.84,13.79,12.844,11.898,10.952,10.006,9.06,9.214,9.368,9.522,9.676,9.83,11.584,13.338,15.092,16.846,18.6,17.556,16.512,15.468,14.424,13.38,12.902,12.424,11.946,11.468,10.99,10.946,10.902,10.858,10.814,10.77,10.13,9.49,8.85,8.21,7.57,7.294,7.018,6.742,6.466,6.19,6.37,6.55,6.73,6.91,7.09,7.38,7.67,7.96,8.25,8.54,8.586,8.632,8.678,8.724,8.77,8.298,7.826,7.354,6.882,6.41,5.58,4.75,3.92,3.09,2.26,4.812,7.364,9.916,12.468,15.02,17.894,20.768,23.642,26.516,29.39,25.556,21.722,17.888,14.054,10.22,8.46,6.7,4.94,3.18,1.42,1.382,1.344,1.306,1.268,1.23,1.204,1.178,1.152,1.126,1.1,1.048,0.996,0.944,0.892,0.84,0.866,0.892,0.918,0.944,0.97,1.046,1.122,1.198,1.274,1.35,1.21,1.07,0.93,0.79,0.65,0.546,0.442,0.338,0.234,0.13,0.948,1.766,2.584,3.402,4.22,3.396,2.572,1.748,0.924,0.1,0.216,0.332,0.448,0.564,0.68,0.576,0.472,0.368,0.264,0.16,0.128,0.096,0.064,0.032,
0.25,0.2,0.15,0.1,0.05,0.0,0.0,0.0,0.0,0.0,0.0,0.0,0.0,0.0,0.0,0.0,0.138,0.276,0.414,0.552,0.69,4.8,8.91,13.02,17.13,21.24,17.428,13.616,9.804,5.992,2.18,2.116,2.052,1.988,1.924,1.86,2.108,2.356,2.604,2.852,3.1,3.48,3.86,4.24,4.62,5.0,5.406,5.812,6.218,6.624,7.03,14.64,22.25,29.86,37.47,45.08,39.42,33.76,28.1,22.44,16.78,15.88,14.98,14.08,13.18,12.28,12.486,12.692,12.898,13.104,13.31,13.38,13.45,13.52,13.59,13.66,13.666,13.672,13.678,13.684,13.69,13.578,13.466,13.354,13.242,13.13,12.96,12.79,12.62,12.45,12.28,12.108,11.936,11.764,11.592,11.42,11.468,11.516,11.564,11.612,11.66,13.736,15.812,17.888,19.964,22.04,22.866,23.692,24.518,25.344,26.17,24.65,23.13,21.61,20.09,18.57,17.128,15.686,14.244,12.802,11.36,10.454,9.548,8.642,7.736,6.83,6.58,6.33,6.08,5.83,5.58,5.44,5.3,5.16,5.02,4.88,4.766,4.652,4.538,4.424,4.31,4.2,4.09,3.98,3.87,3.76,3.73,3.7,3.67,3.64,3.61,4.012,4.414,4.816,5.218,5.62,12.214,18.808,25.402,31.996,38.59,50.872,63.154,75.436,87.718,100.0,87.308,74.616,61.924,49.232,36.54,31.346,26.152,20.958,15.764,10.57,9.052,7.534,6.016,4.498,2.98,2.794,2.608,2.422,2.236,2.05,2.008,1.966,1.924,1.882,1.84,2.69,3.54,4.39,5.24,6.09,8.326,10.562,12.798,15.034,17.27,18.17,19.07,19.97,20.87,21.77,21.16,20.55,19.94,19.33,18.72,17.006,15.292,13.578,11.864,10.15,9.572,8.994,8.416,7.838,7.26,6.842,6.424,6.006,5.588,5.17,15.468,25.766,36.064,46.362,56.66,55.206,53.752,52.298,50.844,49.39,43.226,37.062,30.898,24.734,18.57,17.698,16.826,15.954,15.082,14.21,14.17,14.13,14.09,14.05,14.01,12.406,10.802,9.198,7.594,5.99,5.328,4.666,4.004,3.342,2.68,2.772,2.864,2.956,3.048,3.14,3.762,4.384,5.006,5.628,6.25,6.156,6.062,5.968,5.874,5.78,5.974,6.168,6.362,6.556,6.75,6.432,6.114,5.796,5.478,5.16,4.734,4.308,3.882,3.456,3.03,2.738,2.446,2.154,1.862,1.57,1.6,1.63,1.66,1.69,1.72,1.684,1.648,1.612,1.576,1.54,1.574,1.608,1.642,1.676,1.71,1.588,1.466,1.344,1.222,1.1,0.936,0.772,0.608,0.444,0.28,0.954,1.628,2.302,2.976,3.65,4.428,5.206,5.984,6.762,7.54,6.5,5.46,4.42,3.38,2.34,1.882,1.424,0.966,0.508,0.05,0.048,0.046,0.044,0.042,0.04,0.04,0.04,0.04,0.04,0.04,0.038,0.036,0.034,0.032,0.03,0.03,0.03,0.03,0.03,0.03,0.028,0.026,0.024,0.022,0.02,0.02,0.02,0.02,0.02,0.02,0.018,0.016,0.014,0.012,0.01,0.01,0.01,0.01,0.01,0.01,0.008,0.006,0.004,0.002,0.0,0.0,0.0,0.0,0.0,0.0,0.0,0.0,0.0,0.0,0.0,0.0,0.0,0.0,0.0
3.85,3.662,3.474,3.286,3.098,2.91,2.84,2.77,2.7,2.63,2.56,2.566,2.572,2.578,2.584,2.59,2.798,3.006,3.214,3.422,3.63,17.812,31.994,46.176,60.358,74.54,62.57,50.6,38.63,26.66,14.69,15.196,15.702,16.208,16.714,17.22,18.774,20.328,21.882,23.436,24.99,26.872,28.754,30.636,32.518,34.4,36.434,38.468,40.502,42.536,44.57,81.272,117.974,154.676,191.378,228.08,194.77,161.46,128.15,94.84,61.53,62.286,63.042,63.798,64.554,65.31,65.518,65.726,65.934,66.142,66.35,65.954,65.558,65.162,64.766,64.37,63.458,62.546,61.634,60.722,59.81,58.696,57.582,56.468,55.354,54.24,52.876,51.512,50.148,48.784,47.42,46.156,44.892,43.628,42.364,41.1,40.888,40.676,40.464,40.252,40.04,49.14,58.24,67.34,76.44,85.54,85.742,85.944,86.146,86.348,86.55,79.934,73.318,66.702,60.086,53.47,48.958,44.446,39.934,35.422,30.91,28.21,25.51,22.81,20.11,17.41,16.44,15.47,14.5,13.53,12.56,12.068,11.576,11.084,10.592,10.1,9.776,9.452,9.128,8.804,8.48,8.332,8.184,8.036,7.888,7.74,7.908,8.076,8.244,8.412,8.58,11.142,13.704,16.266,18.828,21.39,61.136,100.882,140.628,180.374,220.12,259.566,299.012,338.458,377.904,417.35,363.106,308.862,254.618,200.374,146.13,124.238,102.346,80.454,58.562,36.67,32.638,28.606,24.574,20.542,16.51,15.72,14.93,14.14,13.35,12.56,12.21,11.86,11.51,11.16,10.81,13.71,16.61,19.51,22.41,25.31,30.91,36.51,42.11,47.71,53.31,58.798,64.286,69.774,75.262,80.75,75.312,69.874,64.436,58.998,53.56,51.652,49.744,47.836,45.928,44.02,41.826,39.632,37.438,35.244,33.05,30.492,27.934,25.376,22.818,20.26,62.93,105.6,148.27,190.94,233.61,210.528,187.446,164.364,141.282,118.2,104.892,91.584,78.276,64.968,51.66,53.582,55.504,57.426,59.348,61.27,60.046,58.822,57.598,56.374,55.15,46.71,38.27,29.83,21.39,12.95,12.146,11.342,10.538,9.734,8.93,9.098,9.266,9.434,9.602,9.77,11.24,12.71,14.18,15.65,17.12,16.298,15.476,14.654,13.832,13.01,12.498,11.986,11.474,10.962,10.45,10.426,10.402,10.378,10.354,10.33,9.804,9.278,8.752,8.226,7.7,7.428,7.156,6.884,6.612,6.34,6.542,6.744,6.946,7.148,7.35,7.524,7.698,7.872,8.046,8.22,8.162,8.104,8.046,7.988,7.93,7.484,7.038,6.592,6.146,5.7,5.006,4.312,3.618,2.924,2.23,4.27,6.31,8.35,10.39,12.43,14.792,17.154,19.516,21.878,24.24,21.14,18.04,14.94,11.84,8.74,7.27,5.8,4.33,2.86,1.39,1.358,1.326,1.294,1.262,1.23,1.204,1.178,1.152,1.126,1.1,1.048,0.996,0.944,0.892,0.84,0.86,0.88,0.9,0.92,0.94,0.998,1.056,1.114,1.172,1.23,1.12,1.01,0.9,0.79,0.68,0.648,0.616,0.584,0.552,0.52,1.336,2.152,2.968,3.784,4.6,3.77,2.94,2.11,1.28,0.45,0.568,0.686,0.804,0.922,1.04,0.922,0.804,0.686,0.568,0.45,0.36,0.27,0.18,0.09,
1.62,1.708,1.796,1.884,1.972,2.06,2.19,2.32,2.45,2.58,2.71,2.79,2.87,2.95,3.03,3.11,3.222,3.334,3.446,3.558,3.67,17.856,32.042,46.228,60.414,74.6,61.456,48.312,35.168,22.024,8.88,8.058,7.236,6.414,5.592,4.77,4.76,4.75,4.74,4.73,4.72,4.72,4.72,4.72,4.72,4.72,4.764,4.808,4.852,4.896,4.94,34.01,63.08,92.15,121.22,150.29,121.448,92.606,63.764,34.922,6.08,6.29,6.5,6.71,6.92,7.13,7.524,7.918,8.312,8.706,9.1,9.632,10.164,10.696,11.228,11.76,12.4,13.04,13.68,14.32,14.96,15.676,16.392,17.108,17.824,18.54,19.328,20.116,20.904,21.692,22.48,23.336,24.192,25.048,25.904,26.76,27.74,28.72,29.7,30.68,31.66,33.514,35.368,37.222,39.076,40.93,41.91,42.89,43.87,44.85,45.83,45.864,45.898,45.932,45.966,46.0,45.852,45.704,45.556,45.408,45.26,44.84,44.42,44.0,43.58,43.16,42.854,42.548,42.242,41.936,41.63,41.254,40.878,40.502,40.126,39.75,39.366,38.982,38.598,38.214,37.83,37.496,37.162,36.828,36.494,36.16,35.978,35.796,35.614,35.432,35.25,35.608,35.966,36.324,36.682,37.04,41.604,46.168,50.732,55.296,59.86,84.594,109.328,134.062,158.796,183.53,158.63,133.73,108.83,83.93,59.03,56.81,54.59,52.37,50.15,47.93,48.078,48.226,48.374,48.522,48.67,49.474,50.278,51.082,51.886,52.69,53.6,54.51,55.42,56.33,57.24,61.342,65.444,69.546,73.648,77.75,79.762,81.774,83.786,85.798,87.81,86.358,84.906,83.454,82.002,80.55,81.406,82.262,83.118,83.974,84.83,85.232,85.634,86.036,86.438,86.84,87.76,88.68,89.6,90.52,91.44,92.454,93.468,94.482,95.496,96.51,98.258,100.006,101.754,103.502,105.25,105.548,105.846,106.144,106.442,106.74,107.098,107.456,107.814,108.172,108.53,108.208,107.886,107.564,107.242,106.92,105.844,104.768,103.692,102.616,101.54,100.272,99.004,97.736,96.468,95.2,94.028,92.856,91.684,90.512,89.34,88.062,86.784,85.506,84.228,82.95,81.516,80.082,78.648,77.214,75.78,74.354,72.928,71.502,70.076,68.65,67.26,65.87,64.48,63.09,61.7,60.406,59.112,57.818,56.524,55.23,53.9,52.57,51.24,49.91,48.58,47.444,46.308,45.172,44.036,42.9,41.868,40.836,39.804,38.772,37.74,36.778,35.816,34.854,33.892,32.93,32.274,31.618,30.962,30.306,29.65,28.758,27.866,26.974,26.082,25.19,24.49,23.79,23.09,22.39,21.69,21.208,20.726,20.244,19.762,19.28,18.896,18.512,18.128,17.744,17.36,16.836,16.312,15.788,15.264,14.74,14.364,13.988,13.612,13.236,12.86,12.544,12.228,11.912,11.596,11.28,11.018,10.756,10.494,10.232,9.97,9.752,9.534,9.316,9.098,8.88,8.66,8.44,8.22,8.0,7.78,7.632,7.484,7.336,7.188,7.04,6.892,6.744,6.596,6.448,6.3,6.15,6.0,5.85,5.7,5.55,6.47,7.39,8.31,9.23,10.15,9.02,7.89,6.76,5.63,4.5,4.562,4.624,4.686,4.748,4.81,4.592,4.374,4.156,3.938,3.72,3.632,3.544,3.456,3.368,
2.23,2.368,2.506,2.644,2.782,2.92,3.118,3.316,3.514,3.712,3.91,4.038,4.166,4.294,4.422,4.55,4.732,4.914,5.096,5.278,5.46,19.848,34.236,48.624,63.012,77.4,64.17,50.94,37.71,24.48,11.25,10.538,9.826,9.114,8.402,7.69,7.81,7.93,8.05,8.17,8.29,8.428,8.566,8.704,8.842,8.98,9.186,9.392,9.598,9.804,10.01,48.898,87.786,126.674,165.562,204.45,166.31,128.17,90.03,51.89,13.75,14.376,15.002,15.628,16.254,16.88,17.85,18.82,19.79,20.76,21.73,22.976,24.222,25.468,26.714,27.96,29.352,30.744,32.136,33.528,34.92,36.328,37.736,39.144,40.552,41.96,43.292,44.624,45.956,47.288,48.62,49.762,50.904,52.046,53.188,54.33,55.362,56.394,57.426,58.458,59.49,61.174,62.858,64.542,66.226,67.91,68.33,68.75,69.17,69.59,70.01,69.288,68.566,67.844,67.122,66.4,65.534,64.668,63.802,62.936,62.07,61.046,60.022,58.998,57.974,56.95,56.1,55.25,54.4,53.55,52.7,51.868,51.036,50.204,49.372,48.54,47.792,47.044,46.296,45.548,44.8,44.19,43.58,42.97,42.36,41.75,41.354,40.958,40.562,40.166,39.77,39.916,40.062,40.208,40.354,40.5,44.254,48.008,51.762,55.516,59.27,84.234,109.198,134.162,159.126,184.09,159.084,134.078,109.072,84.066,59.06,57.238,55.416,53.594,51.772,49.95,50.14,50.33,50.52,50.71,50.9,51.622,52.344,53.066,53.788,54.51,55.274,56.038,56.802,57.566,58.33,62.162,65.994,69.826,73.658,77.49,79.148,80.806,82.464,84.122,85.78,83.864,81.948,80.032,78.116,76.2,76.706,77.212,77.718,78.224,78.73,78.774,78.818,78.862,78.906,78.95,79.456,79.962,80.468,80.974,81.48,82.098,82.716,83.334,83.952,84.57,85.206,85.842,86.478,87.114,87.75,88.112,88.474,88.836,89.198,89.56,89.92,90.28,90.64,91.0,91.36,90.888,90.416,89.944,89.472,89.0,87.934,86.868,85.802,84.736,83.67,82.588,81.506,80.424,79.342,78.26,77.246,76.232,75.218,74.204,73.19,72.074,70.958,69.842,68.726,67.61,66.372,65.134,63.896,62.658,61.42,60.234,59.048,57.862,56.676,55.49,54.348,53.206,52.064,50.922,49.78,48.716,47.652,46.588,45.524,44.46,43.394,42.328,41.262,40.196,39.13,38.194,37.258,36.322,35.386,34.45,33.616,32.782,31.948,31.114,30.28,29.498,28.716,27.934,27.152,26.37,25.872,25.374,24.876,24.378,23.88,23.124,22.368,21.612,20.856,20.1,19.56,19.02,18.48,17.94,17.4,16.978,16.556,16.134,15.712,15.29,14.956,14.622,14.288,13.954,13.62,13.232,12.844,12.456,12.068,11.68,11.406,11.132,10.858,10.584,10.31,10.07,9.83,9.59,9.35,9.11,8.894,8.678,8.462,8.246,8.03,7.85,7.67,7.49,7.31,7.13,6.966,6.802,6.638,6.474,6.31,6.182,6.054,5.926,5.798,5.67,5.558,5.446,5.334,5.222,5.11,4.998,4.886,4.774,4.662,4.55,5.452,6.354,7.256,8.158,9.06,7.996,6.932,5.868,4.804,3.74,3.8,3.86,3.92,3.98,4.04,3.86,3.68,3.5,3.32,3.14,3.062,2.984,2.906,2.828,
2.87,3.034,3.198,3.362,3.526,3.69,3.926,4.162,4.398,4.634,4.87,5.06,5.25,5.44,5.63,5.82,6.09,6.36,6.63,6.9,7.17,20.178,33.186,46.194,59.202,72.21,60.506,48.802,37.098,25.394,13.69,13.176,12.662,12.148,11.634,11.12,11.382,11.644,11.906,12.168,12.43,12.724,13.018,13.312,13.606,13.9,14.284,14.668,15.052,15.436,15.82,52.854,89.888,126.922,163.956,200.99,165.136,129.282,93.428,57.574,21.72,22.642,23.564,24.486,25.408,26.33,27.634,28.938,30.242,31.546,32.85,34.44,36.03,37.62,39.21,40.8,42.486,44.172,45.858,47.544,49.23,50.862,52.494,54.126,55.758,57.39,58.964,60.538,62.112,63.686,65.26,66.606,67.952,69.298,70.644,71.99,73.242,74.494,75.746,76.998,78.25,80.37,82.49,84.61,86.73,88.85,89.414,89.978,90.542,91.106,91.67,90.698,89.726,88.754,87.782,86.81,85.532,84.254,82.976,81.698,80.42,79.1,77.78,76.46,75.14,73.82,72.88,71.94,71.0,70.06,69.12,68.034,66.948,65.862,64.776,63.69,62.64,61.59,60.54,59.49,58.44,57.466,56.492,55.518,54.544,53.57,52.788,52.006,51.224,50.442,49.66,49.416,49.172,48.928,48.684,48.44,53.264,58.088,62.912,67.736,72.56,98.132,123.704,149.276,174.848,200.42,173.336,146.252,119.168,92.084,65.0,61.498,57.996,54.494,50.992,47.49,46.82,46.15,45.48,44.81,44.14,44.254,44.368,44.482,44.596,44.71,44.97,45.23,45.49,45.75,46.01,49.512,53.014,56.516,60.018,63.52,65.162,66.804,68.446,70.088,71.73,70.088,68.446,66.804,65.162,63.52,63.642,63.764,63.886,64.008,64.13,64.052,63.974,63.896,63.818,63.74,64.356,64.972,65.588,66.204,66.82,67.586,68.352,69.118,69.884,70.65,72.378,74.106,75.834,77.562,79.29,79.586,79.882,80.178,80.474,80.77,81.334,81.898,82.462,83.026,83.59,83.39,83.19,82.99,82.79,82.59,81.592,80.594,79.596,78.598,77.6,76.574,75.548,74.522,73.496,72.47,71.644,70.818,69.992,69.166,68.34,67.436,66.532,65.628,64.724,63.82,62.77,61.72,60.67,59.62,58.57,57.492,56.414,55.336,54.258,53.18,52.138,51.096,50.054,49.012,47.97,47.004,46.038,45.072,44.106,43.14,42.15,41.16,40.17,39.18,38.19,37.322,36.454,35.586,34.718,33.85,33.068,32.286,31.504,30.722,29.94,29.2,28.46,27.72,26.98,26.24,25.772,25.304,24.836,24.368,23.9,23.186,22.472,21.758,21.044,20.33,19.748,19.166,18.584,18.002,17.42,17.064,16.708,16.352,15.996,15.64,15.38,15.12,14.86,14.6,14.34,13.914,13.488,13.062,12.636,12.21,11.898,11.586,11.274,10.962,10.65,10.406,10.162,9.918,9.674,9.43,9.212,8.994,8.776,8.558,8.34,8.176,8.012,7.848,7.684,7.52,7.362,7.204,7.046,6.888,6.73,6.6,6.47,6.34,6.21,6.08,5.968,5.856,5.744,5.632,5.52,5.416,5.312,5.208,5.104,5.0,5.894,6.788,7.682,8.576,9.47,8.392,7.314,6.236,5.158,4.08,4.15,4.22,4.29,4.36,4.43,4.222,4.014,3.806,3.598,3.39,3.346,3.302,3.258,3.214,
300.0,297.2,294.4,291.6,288.8,286.0,282.4,278.8,275.2,271.6,268.0,263.2,258.4,253.6,248.8,244.0,256.0,268.0,280.0,292.0,304.0,359.4,414.8,470.2,525.6,581.0,509.8,438.6,367.4,296.2,225.0,211.0,197.0,183.0,169.0,155.0,154.4,153.8,153.2,152.6,152.0,155.6,159.2,162.8,166.4,170.0,195.0,220.0,245.0,270.0,295.0,519.4,743.8,968.2,1192.6,1417.0,1255.0,1093.0,931.0,769.0,607.0,554.2,501.4,448.6,395.8,343.0,351.6,360.2,368.8,377.4,386.0,394.8,403.6,412.4,421.2,430.0,437.8,445.6,453.4,461.2,469.0,475.6,482.2,488.8,495.4,502.0,507.8,513.6,519.4,525.2,531.0,535.2,539.4,543.6,547.8,552.0,555.0,558.0,561.0,564.0,567.0,568.0,569.0,570.0,571.0,572.0,572.6,573.2,573.8,574.4,575.0,572.2,569.4,566.6,563.8,561.0,558.4,555.8,553.2,550.6,548.0,543.8,539.6,535.4,531.2,527.0,523.0,519.0,515.0,511.0,507.0,502.0,497.0,492.0,487.0,482.0,477.8,473.6,469.4,465.2,461.0,456.4,451.8,447.2,442.6,438.0,434.0,430.0,426.0,422.0,418.0,415.2,412.4,409.6,406.8,404.0,409.0,414.0,419.0,424.0,429.0,546.4,663.8,781.2,898.6,1016.0,929.0,842.0,755.0,668.0,581.0,538.8,496.6,454.4,412.2,370.0,369.6,369.2,368.8,368.4,368.0,368.6,369.2,369.8,370.4,371.0,372.2,373.4,374.6,375.8,377.0,399.6,422.2,444.8,467.4,490.0,497.0,504.0,511.0,518.0,525.0,500.4,475.8,451.2,426.6,402.0,402.4,402.8,403.2,403.6,404.0,405.6,407.2,408.8,410.4,412.0,413.2,414.4,415.6,416.8,418.0,419.4,420.8,422.2,423.6,425.0,425.6,426.2,426.8,427.4,428.0,428.8,429.6,430.4,431.2,432.0,432.2,432.4,432.6,432.8,433.0,432.6,432.2,431.8,431.4,431.0,430.2,429.4,428.6,427.8,427.0,425.6,424.2,422.8,421.4,420.0,418.0,416.0,414.0,412.0,410.0,407.8,405.6,403.4,401.2,399.0,396.2,393.4,390.6,387.8,385.0,382.0,379.0,376.0,373.0,370.0,366.4,362.8,359.2,355.6,352.0,348.8,345.6,342.4,339.2,336.0,332.2,328.4,324.6,320.8,317.0,313.2,309.4,305.6,301.8,298.0,293.8,289.6,285.4,281.2,277.0,273.6,270.2,266.8,263.4,260.0,256.4,252.8,249.2,245.6,242.0,238.2,234.4,230.6,226.8,223.0,218.8,214.6,210.4,206.2,202.0,199.0,196.0,193.0,190.0,187.0,183.0,179.0,175.0,171.0,167.0,164.0,161.0,158.0,155.0,152.0,148.8,145.6,142.4,139.2,136.0,133.8,131.6,129.4,127.2,125.0,122.6,120.2,117.8,115.4,113.0,111.0,109.0,107.0,105.0,103.0,101.0,99.0,97.0,95.0,93.0,91.2,89.4,87.6,85.8,84.0,82.2,80.4,78.6,76.8,75.0,73.2,71.4,69.6,67.8,66.0,64.4,62.8,61.2,59.6,58.0,56.6,55.2,53.8,52.4,51.0,50.0,49.0,48.0,47.0,46.0,45.0,44.0,43.0,42.0,41.0,40.2,39.4,38.6,37.8,